Long Lat Mag_nT
-116.61066945208172 36.75519004862716 49080.3
-116.6106927331438 36.75519186463256 49079.4
-116.61071674674876 36.75519351795378 49076.3
-116.6107415032531 36.75519486906956 49073.0
-116.61076677442992 36.75519590369986 49069.8
-116.61079239256505 36.755196613699496 49067.1
-116.61081819772608 36.75519701583164 49063.6
-116.61084415226544 36.75519710023799 49059.5
-116.61087014623816 36.7551969566951 49056.2
-116.61089610010453 36.75519663661324 49053.3
-116.61092197251364 36.75519619702178 49050.2
-116.61094772471014 36.7551956961479 49046.8
-116.6109733266377 36.755195200323605 49043.3
-116.61099875859291 36.75519474258991 49039.9
-116.6110240315844 36.755194336453634 49037.1
-116.61104912830903 36.75519398589024 49034.7
-116.6110741041096 36.7551936683028 49031.8
-116.61109899149383 36.75519337147966 49028.8
-116.61112381310836 36.75519308589996 49026.1
-116.611148585691 36.75519281756738 49023.1
-116.61117332343068 36.75519258330985 49019.8
-116.61119803075508 36.75519239056684 49016.3
-116.61122271907402 36.755192237277086 49013.7
-116.61124739027892 36.75519212030119 49010.6
-116.61127206333008 36.755192019523385 49007.1
-116.61129675699864 36.75519191346619 49003.9
-116.61132147014176 36.75519177876159 49001.3
-116.61134621396752 36.75519158859816 48998.6
-116.61137097884772 36.75519134256094 48995.2
-116.61139574154068 36.755191043729965 48992.0
-116.6114205714302 36.75519069577831 48989.1
-116.61144526878472 36.75519030254206 48986.2
-116.6114699252211 36.755189883069306 48983.0
-116.6114945403897 36.7551894459712 48979.8
-116.61151911900056 36.75518899591588 48976.9
-116.61154367325004 36.75518853985774 48973.7
-116.61156821105784 36.75518809163213 48970.3
-116.61159273857317 36.75518765597072 48966.9
-116.6116172630607 36.75518723172231 48964.2
-116.61164178403992 36.75518682080551 48961.6
-116.61166629452048 36.75518643136847 48958.3
-116.61169078629518 36.755186076158736 48954.6
-116.6117152632998 36.755185765222976 48951.1
-116.61173969860432 36.75518551643079 48947.9
-116.6117640972791 36.75518532867524 48944.6
-116.6117884673895 36.75518520670656 48941.5
-116.6118128336287 36.7551851534915 48938.5
-116.61183718828532 36.755185173412656 48934.8
-116.61186156732768 36.75518523842205 48931.2
-116.61188599585516 36.755185332123965 48928.5
-116.61191048421428 36.75518544097624 48925.4
-116.61193504252908 36.755185548450925 48921.4
-116.61195964987716 36.755185643273485 48917.7
-116.61198428791108 36.75518571438869 48914.4
-116.6120089254272 36.755185754018285 48910.8
-116.61203354653917 36.75518575082202 48906.8
-116.61205813047142 36.755185708647325 48903.4
-116.6120826663846 36.75518562809574 48900.1
-116.6121071558304 36.75518551734709 48896.4
-116.61213161978722 36.75518538857684 48892.7
-116.61215608365698 36.75518525833208 48888.9
-116.6121805687059 36.75518513698262 48885.4
-116.61220509371098 36.75518502496054 48882.2
-116.6122296789036 36.7551849122212 48878.8
-116.61225432412984 36.75518478474481 48875.3
-116.6122790279245 36.755184632792094 48871.8
-116.61230377658316 36.755184451338096 48868.1
-116.6123285763132 36.75518423701744 48864.1
-116.6123534030694 36.75518399755681 48860.4
-116.61237824878076 36.75518372886583 48856.7
-116.61240309500435 36.755183418514925 48852.4
-116.61242797237476 36.75518302689588 48848.2
-116.61245288926342 36.75518254743236 48844.6
-116.6124778480472 36.75518199147716 48841.8
-116.61250283706764 36.755181400996186 48838.2
-116.612527822944 36.75518083460642 48834.1
-116.6125527719583 36.7551803373056 48830.2
-116.61257766827372 36.75517993459785 48826.3
-116.61260252642768 36.755179633765614 48822.5
-116.61262730131683 36.75517944623932 48818.7
-116.61265202717578 36.75517933183141 48814.9
-116.61267672558334 36.75517926075542 48811.4
-116.61270141197372 36.75517920219521 48808.0
-116.612726110198 36.755179134976274 48803.8
-116.61275082216036 36.75517906996647 48799.5
-116.61277553754644 36.755179025829726 48795.7
-116.61280025576065 36.7551790155194 48792.0
-116.61282495049392 36.755179057745245 48788.4
-116.612849624656 36.75517914398337 48784.9
-116.61287428476632 36.75517926447842 48781.6
-116.61289893664753 36.755179412318526 48777.5
-116.61292356452142 36.755179592921486 48773.3
-116.61294816624672 36.75517980454892 48769.4
-116.612972739639 36.755180045147966 48765.7
-116.61299728523784 36.755180308109104 48762.3
-116.61302179807156 36.75518058212828 48758.7
-116.61304628955088 36.75518086502191 48754.7
-116.61307075498384 36.75518116632667 48751.1
-116.61309519392093 36.75518149188981 48747.8
-116.61311959631747 36.755181845846096 48744.1
-116.61314398413526 36.7551822274598 48740.6
-116.61316837078996 36.75518263845007 48736.7
-116.61319276238736 36.755183071761046 48733.0
-116.61321716298497 36.75518351161824 48730.0
-116.61324158432409 36.755183940782175 48727.0
-116.61326603811978 36.75518434624793 48723.6
-116.61329053191828 36.75518471587748 48720.2
-116.61331511078583 36.75518503563736 48716.9
-116.61333976323432 36.755185318556 48713.5
-116.61336448465708 36.75518557688307 48710.0
-116.61338927649211 36.7551858249767 48706.4
-116.61341415716356 36.75518608047378 48703.2
-116.61343911138644 36.7551863549707 48700.7
-116.61346411331208 36.755186649756965 48698.5
-116.6134890956916 36.75518695917837 48695.4
-116.61351387604068 36.75518726272681 48692.3
-116.61353825183072 36.75518752904229 48689.3
-116.61356195249138 36.75518771636392 48685.3
-116.61358460477696 36.75518776407653 48680.4
-116.61370185291769 36.75507947416566 48677.0
-116.6136985910234 36.75506270235861 48679.4
-116.613695436981 36.75504520745936 48679.7
-116.61369256162952 36.755027057783884 48679.8
-116.61369015355515 36.755008529913965 48680.2
-116.61368812249384 36.75498996294523 48680.9
-116.61368635935948 36.75497168916393 48680.7
-116.61368470644024 36.75495413454137 48678.6
-116.6135311153626 36.754869534329714 48682.2
-116.61351012110396 36.75487152592604 48706.0
-116.61348812605772 36.75487343667093 48709.1
-116.6134651779228 36.75487521266116 48712.1
-116.61344138031762 36.75487680804149 48714.6
-116.61341699204554 36.75487828250889 48717.0
-116.61339215684356 36.75487968345061 48721.1
-116.6133670217567 36.75488104854876 48725.0
-116.61334174676108 36.75488238557431 48728.8
-116.61331651463188 36.75488368769425 48732.5
-116.61329146148698 36.75488492987474 48735.7
-116.61326669521152 36.75488608101925 48739.4
-116.61324245049414 36.75488707792351 48743.3
-116.61321873863989 36.75488789988972 48747.2
-116.61319557982236 36.75488850566317 48750.5
-116.613172890051 36.75488886649416 48752.9
-116.61315074525469 36.7548889346542 48756.0
-116.61312887838096 36.75488879448326 48759.3
-116.61310709719784 36.754888486118425 48762.1
-116.61308521997384 36.75488804146232 48764.4
-116.61306310312624 36.75488747893943 48767.1
-116.61304064671236 36.75488686004704 48770.3
-116.61301778903004 36.75488623117965 48773.8
-116.61299453535476 36.754885639392654 48777.7
-116.61297080999351 36.75488515108998 48782.5
-116.6129467302903 36.754884792087054 48786.8
-116.61292236727564 36.75488458477164 48790.4
-116.61289782333816 36.75488453206982 48793.8
-116.61287310511234 36.75488464314078 48796.8
-116.61284832534167 36.754884862184575 48800.1
-116.61282354047164 36.75488515603476 48803.9
-116.61279878695522 36.75488549319531 48807.9
-116.61277408776526 36.75488583584033 48812.3
-116.6127494492181 36.754886152540166 48816.2
-116.61272486878576 36.75488642944912 48819.5
-116.61270033157356 36.75488666026492 48823.8
-116.61267585933751 36.7548868257903 48827.5
-116.61265134266148 36.754886930206446 48830.2
-116.61262697625038 36.75488697907837 48833.3
-116.6126026618244 36.75488698867096 48836.8
-116.61257841276615 36.754886974096834 48840.6
-116.61255419819346 36.75488695256868 48844.4
-116.6125300007582 36.75488693135262 48847.9
-116.612505801399 36.75488691111988 48851.6
-116.61248158789012 36.7548868789516 48855.4
-116.61245735736668 36.754886822234816 48859.0
-116.61243311306592 36.75488673180087 48862.7
-116.61240885116229 36.754886605890896 48866.4
-116.61238459508048 36.75488644489965 48869.7
-116.61236034210523 36.75488626776578 48873.5
-116.6123360984422 36.75488608728649 48877.4
-116.6123118782453 36.75488591393336 48881.0
-116.612287685129 36.75488576447589 48884.1
-116.6122635156108 36.75488564497205 48887.7
-116.61223936114348 36.7548855543612 48891.6
-116.61221521287744 36.75488548721926 48895.0
-116.61219103601344 36.754885441099646 48898.3
-116.6121668187266 36.75488541072558 48901.6
-116.612142546845 36.75488539741036 48905.1
-116.61211822321 36.75488540118759 48909.0
-116.61209384451531 36.75488542513053 48912.8
-116.6120694463494 36.754885464956 48915.7
-116.61204504970353 36.754885517642 48919.1
-116.6120206750388 36.754885580229306 48923.3
-116.61199633142662 36.75488565344239 48927.4
-116.61197201321504 36.75488573297861 48930.9
-116.61194771282952 36.754885814127086 48934.6
-116.61192341687064 36.75488589174899 48938.5
-116.61189912746998 36.75488595912521 48941.8
-116.6118748439598 36.75488601443912 48944.8
-116.61185056438184 36.754886059014446 48948.1
-116.61182627824468 36.754886096086885 48951.5
-116.61180196368036 36.75488612733814 48955.3
-116.61177760511222 36.75488614960689 48958.9
-116.61175319102652 36.75488616278512 48962.2
-116.61172871739667 36.754886170072645 48965.4
-116.61170417973416 36.75488617793324 48968.7
-116.61167960060048 36.75488618784664 48971.9
-116.61165499819089 36.75488619472456 48974.9
-116.61163038414996 36.7548861876508 48977.7
-116.61160579064612 36.75488615325291 48980.6
-116.61158122897848 36.754886092846974 48984.1
-116.61155671328343 36.7548860127594 48987.5
-116.61153225168862 36.754885921595125 48990.1
-116.61150786369768 36.75488582410396 48992.7
-116.61148353772272 36.75488572702295 48996.0
-116.61145926951828 36.75488564388891 48999.2
-116.61143505207076 36.75488558764518 49001.9
-116.61141083638682 36.75488557468408 49004.6
-116.61138659798252 36.75488559754115 49007.6
-116.6113623169332 36.75488564561184 49010.5
-116.61133798542753 36.75488570241759 49013.1
-116.6113136022822 36.75488575609892 49016.1
-116.61128917750588 36.75488580314457 49018.8
-116.61126472140865 36.754885836712326 49022.0
-116.61124024385651 36.75488585412376 49025.6
-116.6112157699311 36.754885852760594 49028.6
-116.6111913090418 36.75488584432503 49031.5
-116.61116686645138 36.75488583632795 49034.5
-116.61114244060168 36.754885830632965 49037.3
-116.61111802749352 36.754885822137446 49039.7
-116.611093622338 36.7548858037117 49042.1
-116.61106922207276 36.75488577666078 49044.6
-116.61104482202371 36.75488574255712 49047.7
-116.611020430167 36.7548856990307 49050.8
-116.6109960493968 36.75488565164128 49053.0
-116.61097168393502 36.75488560875241 49055.6
-116.610947345949 36.75488558528018 49058.3
-116.61092301570298 36.754885613122966 49061.3
-116.61089869456596 36.75488570435712 49064.5
-116.61087438257138 36.75488585996806 49066.8
-116.61085008543868 36.75488606593167 49068.5
-116.61082578874095 36.754886297604365 49070.7
-116.61080111357327 36.75488652355229 49073.3
-116.61077674080788 36.75488671932851 49075.3
-116.61075246519844 36.75488688213356 49077.9
-116.61072829206611 36.75488701244432 49081.0
-116.61070400832897 36.754887121047645 49083.1
-116.61067970497308 36.754887208461646 49085.3
-116.610655277545 36.754887276757366 49087.4
-116.61063092783635 36.75488732561521 49089.0
-116.61060656555776 36.75488735978325 49091.1
-116.61058229530788 36.75488738326937 49093.7
-116.61055792308989 36.75488739782411 49095.7
-116.61053354807208 36.75488740039759 49097.7
-116.61050906300176 36.75488739094912 49099.8
-116.61048465311636 36.754887367470886 49102.3
-116.61046020348292 36.754887327677245 49104.9
-116.6104358005837 36.75488726684094 49106.4
-116.6104112441404 36.75488718112201 49108.1
-116.61038653105815 36.75488706531483 49109.9
-116.61036185143465 36.75488692101622 49111.8
-116.61033712781284 36.75488674656805 49113.7
-116.61031248327708 36.754886551933865 49115.5
-116.61028773844208 36.75488634937424 49117.2
-116.61026301407144 36.75488615753824 49118.8
-116.61023820661012 36.75488599921322 49120.7
-116.61021351858744 36.7548858848813 49122.3
-116.61018884886684 36.75488582899431 49123.7
-116.61016431155232 36.754885850346696 49125.8
-116.61013964776691 36.75488597586156 49127.3
-116.61011497835196 36.75488618623986 49128.6
-116.61009021174011 36.754886467455165 49130.3
-116.61006556264724 36.75488679586077 49131.2
-116.61004092836431 36.754887152240805 49131.9
-116.6100164152147 36.75488751213842 49132.8
-116.6099918146838 36.75488786404409 49134.2
-116.60996719179668 36.75488818648045 49135.2
-116.60994245667176 36.75488845063861 49136.1
-116.6099178024435 36.75488864853969 49137.6
-116.6098931379994 36.75488878359843 49138.9
-116.60986856451171 36.75488887282158 49139.8
-116.6098439023424 36.75488893588141 49140.2
-116.60981923977958 36.7548889901626 49141.0
-116.60979447390308 36.754889039848486 49142.2
-116.60976980243215 36.75488908767823 49143.4
-116.60974522930177 36.75488913857572 49144.8
-116.60972056187276 36.75488919499582 49146.0
-116.60969590619496 36.75488926033149 49147.0
-116.60967117572316 36.75488934364733 49148.0
-116.60964656755688 36.75488945600644 49149.0
-116.60962200547525 36.75488959555373 49150.5
-116.609597602507 36.75488975906448 49151.7
-116.60957317085152 36.754889939595536 49153.4
-116.60954880363 36.75489012182409 49154.4
-116.6095243758923 36.75489028183727 49153.9
-116.60950004982573 36.75489039511282 49153.5
-116.6094756702071 36.754890443896045 49153.3
-116.60945133443715 36.75489040513087 49153.4
-116.60942682244084 36.75489028688359 49153.1
-116.60940222971384 36.75489009096004 49153.1
-116.60937744310498 36.75488982229588 49153.7
-116.60935268343049 36.75488948483305 49154.0
-116.60932785180084 36.75488910283976 49153.8
-116.6093029611231 36.75488869718345 49153.4
-116.60927802911849 36.75488829035 49153.3
-116.60925306102872 36.75488790643615 49153.7
-116.60922808763488 36.7548875527928 49154.0
-116.60920313304628 36.75488723541447 49154.5
-116.60917822846582 36.75488696053468 49154.7
-116.60915337749476 36.7548867366214 49155.0
-116.60912859956136 36.75488655356988 49154.9
-116.60910390276511 36.75488641143526 49153.9
-116.60907929977964 36.75488631815992 49153.6
-116.60905475810829 36.754886292847885 49153.9
-116.60903026327816 36.75488632948863 49153.5
-116.60900579155818 36.7548864222525 49153.1
-116.60898131744518 36.75488656034848 49152.8
-116.60895678185788 36.75488672472461 49152.1
-116.60893216822572 36.754886886480016 49150.8
-116.60890745414302 36.75488703137917 49149.9
-116.6088826355348 36.754887164601215 49149.3
-116.6088577271296 36.754887323551365 49149.2
-116.6088328225202 36.75488755937893 49148.6
-116.60880807294616 36.754887921002144 49147.5
-116.60878377682032 36.75488844046772 49147.0
-116.60876030165753 36.75488915016776 49147.5
-116.6087379930758 36.75488997404212 49148.7
-116.60871719637132 36.754890811417006 49149.2
-116.60862296426188 36.75480120431999 49129.9
-116.60862496843988 36.75478420479119 49129.2
-116.60862683217844 36.75476599683862 49130.0
-116.60862837972776 36.75474683396944 49128.9
-116.60862949791373 36.754726976779054 49127.1
-116.6086300097603 36.75470671349559 49125.3
-116.60862996492826 36.75468650953293 49123.0
-116.60862938444748 36.75466682686288 49120.0
-116.60862833001758 36.75464796527337 49116.2
-116.60871838367896 36.754552609068334 49108.5
-116.60873818628536 36.75455479744704 49099.8
-116.60875958139256 36.75455697667026 49103.8
-116.60878256437564 36.75455899404276 49106.6
-116.608806890415 36.75456067077402 49108.3
-116.60883244780408 36.75456200406802 49107.5
-116.60885874574063 36.754562984697 49106.5
-116.6088857015702 36.754563637421455 49106.3
-116.60891287425471 36.75456394570814 49106.1
-116.60894011122656 36.754563975864855 49105.7
-116.60896688073056 36.75456375962918 49105.0
-116.60899308226767 36.75456332879154 49104.3
-116.6090182738958 36.75456271157153 49103.4
-116.60904271157548 36.75456196054753 49102.7
-116.6090662089382 36.75456110777428 49102.4
-116.60908887171772 36.754560185850096 49101.8
-116.60911048092863 36.754559261106245 49101.4
-116.60913141530897 36.75455839345636 49101.3
-116.60915177562876 36.754557645830765 49101.7
-116.60917193977372 36.75455706421304 49102.5
-116.60919209773172 36.75455671924261 49103.3
-116.60921246386371 36.75455660725185 49104.2
-116.6092331095564 36.75455671316834 49105.3
-116.60925425318544 36.754557001725935 49106.1
-116.60927602046432 36.754557436745614 49106.9
-116.6092984771501 36.75455795558008 49107.0
-116.60932152488888 36.754558514375255 49106.4
-116.6093451684429 36.75455907559335 49106.1
-116.60936912719536 36.754559588308624 49105.3
-116.60939334390636 36.754560030259874 49104.2
-116.60941760427887 36.75456038684508 49103.3
-116.60944202968852 36.75456064701804 49102.8
-116.60946646475844 36.7545607880876 49102.7
-116.60949101562606 36.75456082666708 49102.4
-116.60951545255534 36.754560775242965 49101.7
-116.60953977642583 36.75456064675439 49100.6
-116.60956419076923 36.754560448992926 49099.7
-116.60958863695704 36.754560208168 49099.1
-116.60961320463828 36.7545599484651 49098.3
-116.60963767899284 36.75455969627016 49097.4
-116.60966212278343 36.754559463662375 49096.6
-116.60968641225315 36.75455925846597 49095.8
-116.6097107408804 36.7545590821895 49094.8
-116.60973501092536 36.75455893692448 49093.8
-116.60975931373848 36.75455882659632 49092.8
-116.60978346421332 36.754558735570086 49091.7
-116.60980758800612 36.75455864573078 49091.1
-116.60983161593506 36.75455853954386 49090.5
-116.60985577138604 36.754558399616 49089.1
-116.60987998603468 36.75455822241612 49088.1
-116.60990435800404 36.754558005983 49087.8
-116.60992869352611 36.75455776121089 49086.7
-116.60995308185996 36.75455750847955 49085.0
-116.60997739792948 36.75455726731781 49083.8
-116.6100018220444 36.754557038824174 49082.8
-116.61002624772452 36.75455682044457 49081.7
-116.61005077454008 36.754556618811534 49080.3
-116.61007519842975 36.754556438773584 49078.9
-116.61009962443184 36.75455626849032 49077.8
-116.6101239618326 36.75455609518039 49077.0
-116.6101484045327 36.75455590439561 49075.9
-116.61017284936275 36.75455569110523 49074.5
-116.61019737197223 36.75455545494558 49072.8
-116.6102217641744 36.754555202808426 49070.8
-116.6102460187194 36.75455494631554 49069.0
-116.6102703438884 36.75455470228192 49067.6
-116.61029465386169 36.75455449001197 49066.4
-116.61031905753624 36.754554316269534 49065.2
-116.61034338365737 36.7545541905715 49063.9
-116.61036771045636 36.754554108712014 49062.6
-116.6103919530106 36.754554067763685 49061.1
-116.6104163020928 36.75455406263164 49059.1
-116.61044065582796 36.75455409245804 49057.3
-116.61046509132308 36.75455415196904 49055.6
-116.61048942042116 36.75455423960434 49053.8
-116.61051374942478 36.75455435406787 49052.5
-116.61053799943288 36.75455448430235 49051.4
-116.61056236379532 36.75455461656261 49049.5
-116.61058674825982 36.754554737201936 49047.5
-116.6106112591364 36.75455483745439 49045.9
-116.61063571133016 36.75455491564864 49044.1
-116.61066020967968 36.754554979327445 49042.3
-116.61068463903824 36.754555036961534 49040.7
-116.610709182996 36.754555088553886 49038.9
-116.61073370829628 36.75455511617992 49037.3
-116.61075829632084 36.75455509430203 49036.0
-116.61078272462272 36.754555009446506 49034.6
-116.61080707046943 36.75455486055482 49032.7
-116.61083119730252 36.7545546510036 49030.7
-116.61085535161304 36.75455441028591 49028.7
-116.61087953547803 36.75455415625719 49026.4
-116.6109035862575 36.75455390982796 49024.3
-116.6109276533571 36.75455369143748 49022.5
-116.61095164757604 36.75455349889243 49020.7
-116.6109757682728 36.75455332776884 49018.6
-116.61099990721924 36.75455317944749 49016.2
-116.61102416462012 36.75455305441205 49013.9
-116.61104834688076 36.75455294977085 49011.4
-116.61107256100296 36.75455287199125 49008.9
-116.6110967091706 36.754552833171786 49006.4
-116.61112099345236 36.754552852550624 49003.9
-116.61114529760955 36.75455293456306 49001.5
-116.61116974505252 36.75455308347369 48998.7
-116.61119415559564 36.75455329645803 48995.8
-116.61121863346948 36.75455356297745 48993.5
-116.6112431272581 36.75455384618079 48991.2
-116.61126762644868 36.75455410807354 48988.0
-116.61129212053883 36.7545543164146 48984.8
-116.6113166153662 36.75455445351484 48981.8
-116.61134114437796 36.754554529636174 48978.9
-116.61136570348148 36.754554543791045 48976.1
-116.61139029702798 36.75455449040778 48973.3
-116.61141495128972 36.75455436087071 48970.7
-116.61143969765382 36.75455417933592 48967.8
-116.61146452468604 36.75455396594943 48964.7
-116.61148942332956 36.754553744447136 48961.7
-116.61151437508508 36.75455353683768 48958.7
-116.61153933917194 36.7545533474803 48955.9
-116.61156429113396 36.75455317404272 48952.8
-116.6115892080322 36.75455301207048 48949.3
-116.61161407938448 36.75455287092765 48946.4
-116.61163890838624 36.75455276464263 48943.6
-116.611663710974 36.75455270937296 48940.1
-116.61168849791284 36.754552719174086 48936.5
-116.61171326815258 36.75455280920844 48933.5
-116.61173798217315 36.75455295962179 48931.0
-116.61176264329134 36.754553145604085 48928.4
-116.61178724480514 36.75455334363091 48925.4
-116.61181178408756 36.75455352599817 48922.2
-116.61183630048409 36.75455367854354 48919.1
-116.611860811075 36.75455379601146 48915.6
-116.61188542691404 36.75455387835997 48912.0
-116.61190995702675 36.75455391137512 48908.8
-116.6119345163334 36.754553880684895 48906.0
-116.6119590079134 36.75455376874304 48903.4
-116.61198363063994 36.754553560301176 48900.5
-116.61200830917323 36.75455323042316 48897.3
-116.61203316568192 36.754552803752006 48893.6
-116.61205796233646 36.75455231563089 48890.2
-116.61208277992333 36.75455179728476 48886.9
-116.61210751258407 36.75455129519669 48883.2
-116.61213234190184 36.75455083303932 48880.0
-116.61215716813952 36.75455041958936 48876.6
-116.61218208648236 36.75455005505607 48873.4
-116.61220688041206 36.75454975517365 48870.3
-116.61223162475412 36.75454950041017 48866.7
-116.61225624000116 36.75454927648751 48863.1
-116.61228093675948 36.75454908121826 48859.5
-116.61230561959272 36.754548924052266 48856.0
-116.61233038984857 36.75454879230408 48853.1
-116.61235505930838 36.75454867735293 48849.7
-116.61237972368916 36.75454856991463 48845.8
-116.61240429039408 36.75454846151574 48842.5
-116.61242897649689 36.75454835189502 48839.3
-116.61245369259515 36.7545482487407 48835.9
-116.61247853704576 36.75454816015954 48832.3
-116.61250331110284 36.75454809597661 48828.7
-116.61252810239505 36.75454805868532 48825.3
-116.61255281886548 36.754548059252016 48821.9
-116.6125776662226 36.75454810824244 48818.1
-116.61260254482472 36.75454821963668 48814.6
-116.6126275246446 36.75454837555727 48811.3
-116.61265240645923 36.754548546046095 48807.8
-116.6126772746106 36.75454870019417 48804.2
-116.61270200145724 36.75454881072029 48800.4
-116.61272677949408 36.75454888698701 48796.7
-116.6127514790883 36.75454895436743 48793.4
-116.61277618740048 36.754549041718754 48790.3
-116.61280070029568 36.75454917775864 48787.2
-116.61282512876208 36.75454936518334 48783.8
-116.61284940773608 36.7545495912147 48780.4
-116.61287375407365 36.754549835321775 48777.1
-116.61289809456456 36.75455006683031 48774.2
-116.61292256366865 36.75455027000214 48771.2
-116.61294698370727 36.75455043119828 48768.1
-116.612971467653 36.75455053979701 48765.1
-116.61299593606596 36.75455058092592 48761.6
-116.6130205950732 36.75455055748796 48757.8
-116.61304531684324 36.754550478627294 48754.3
-116.61307016059096 36.754550370616 48751.0
-116.6130948765628 36.75455026742224 48747.7
-116.61311954116589 36.754550188910486 48744.3
-116.61314406793088 36.754550145383206 48741.3
-116.61316867645856 36.75455014000589 48738.2
-116.61319329374008 36.75455017116901 48734.9
-116.61321793382672 36.75455021849034 48731.5
-116.613242713931 36.7545502694557 48728.4
-116.61326744053363 36.754550319047965 48725.3
-116.61329222214232 36.75455036360081 48722.2
-116.61331695891649 36.754550406508336 48719.3
-116.61334185333163 36.75455045580411 48716.0
-116.61336681261356 36.754550521195 48712.7
-116.61339194231417 36.754550611455 48709.7
-116.61341701506572 36.75455071431989 48706.5
-116.61344210488988 36.75455081063287 48703.6
-116.61346704038618 36.754550877229846 48700.9
-116.61349185033504 36.75455087514214 48697.9
-116.613516262091 36.75455077727205 48694.8
-116.61354009094904 36.75455055829526 48691.3
-116.6135628085959 36.75455020358715 48686.7
-116.6136319053026 36.754621744012766 48685.0
-116.61361966011978 36.75463350811216 48698.6
-116.61360644298362 36.75464595567871 48700.8
-116.61359250275969 36.754658967805625 48700.6
-116.61357795188044 36.754672610506624 48703.1
-116.61356326258895 36.75468661083985 48707.3
-116.61354879350333 36.75470077633104 48708.3
-116.61353516000844 36.75471465560243 48711.1
-116.61352313875352 36.75472772101189 48713.1
-116.61351296850324 36.75473973111363 48709.0
-116.6135048725526 36.75475043640003 48708.6
-116.61349895687968 36.754759619032974 48713.5
-116.61335211719546 36.75469473958943 48731.0
-116.61334256883492 36.75469290983256 48733.0
-116.61333271775328 36.75469117904073 48735.0
-116.61332262833032 36.75468957276575 48736.5
-116.61331226185396 36.75468812730672 48737.4
-116.61330158899426 36.75468682471738 48738.7
-116.6132906754426 36.7546856696974 48740.0
-116.61327951951117 36.75468465148587 48740.7
-116.61326799685295 36.75468375625986 48741.2
-116.61325607135926 36.75468293517072 48742.3
-116.61324376930492 36.75468216941367 48743.8
-116.61323109563072 36.75468145788263 48745.5
-116.61321798018189 36.754680819712334 48747.5
-116.61320446595796 36.75468025394896 48749.2
-116.6131906036856 36.75467976469062 48751.0
-116.6131764324282 36.75467935552592 48752.7
-116.61316191871308 36.75467904051712 48755.2
-116.61314710904544 36.75467880404717 48757.5
-116.61313206464396 36.7546786391646 48759.3
-116.6131168332648 36.75467854029585 48761.5
-116.6131014285296 36.75467851606959 48763.3
-116.61308589050424 36.75467855896868 48765.4
-116.61307026533608 36.75467867000512 48767.8
-116.6130545848608 36.75467885062272 48769.7
-116.61303885233204 36.754679114925565 48771.7
-116.61302300026068 36.75467945925785 48774.6
-116.61300717922614 36.75467988030084 48777.0
-116.61299139606103 36.75468037017095 48778.4
-116.6129754904816 36.75468092741114 48780.9
-116.61295951727024 36.75468152589223 48783.7
-116.61294341816534 36.75468215225759 48785.1
-116.61292732460365 36.754682786895934 48786.9
-116.61291117889172 36.754683421142765 48789.2
-116.61289507252076 36.75468405166164 48791.7
-116.61287889140486 36.754684687272864 48794.4
-116.61286271672247 36.754685331385495 48797.1
-116.61284649630552 36.754685999599765 48799.0
-116.61283035638048 36.754686695863455 48801.4
-116.61281424077085 36.754687431337736 48804.0
-116.61279822782454 36.75468820705439 48805.7
-116.61278219008754 36.75468903126078 48807.6
-116.6127661953942 36.75468988041087 48810.1
-116.61275019695854 36.75469074128134 48813.0
-116.6127343146782 36.75469159045743 48816.1
-116.6127185428244 36.75469240725447 48818.3
-116.6127027442322 36.75469318992334 48820.4
-116.61268697685392 36.75469393177703 48823.0
-116.61267117999142 36.75469463940978 48825.9
-116.612655503345 36.75469530743904 48829.1
-116.61263988240584 36.75469594889015 48831.6
-116.6126243680046 36.75469656246223 48833.2
-116.61260881685828 36.75469715362494 48835.6
-116.6125932829358 36.75469771650052 48838.3
-116.61257768695208 36.75469826605984 48840.6
-116.61256212959825 36.7546988106363 48843.3
-116.6125465375082 36.75469936116546 48846.2
-116.61253096831956 36.75469992311545 48848.4
-116.61251531722188 36.754700505257055 48850.5
-116.61249966884496 36.75470111058302 48852.8
-116.61248398680182 36.75470174368321 48853.8
-116.61246842250463 36.754702404560966 48855.5
-116.61245291893331 36.75470308937334 48858.6
-116.61243755250251 36.7547037925842 48860.1
-116.61242219979393 36.75470452559477 48860.7
-116.61240690428022 36.75470529994728 48862.5
-116.61239163033846 36.75470611848904 48864.8
-116.61237631520524 36.75470699190139 48867.2
-116.6123610985354 36.7547079190585 48870.1
-116.61234592651653 36.75470892100322 48872.7
-116.61233084770576 36.75470998811038 48875.0
-116.61231575305106 36.75471112409373 48877.1
-116.61230071667752 36.754712316025405 48879.2
-116.61228568046812 36.75471357043816 48881.3
-116.61227075459809 36.754714861014136 48883.3
-116.61225595598142 36.75471616817783 48884.7
-116.61224116337404 36.75471747960714 48886.1
-116.61222643715588 36.75471875856861 48888.6
-116.61221170667292 36.754719982971984 48890.9
-116.61219706699536 36.75472111165565 48892.4
-116.61218242123176 36.75472212727622 48894.8
-116.61216785334688 36.754723000600016 48897.5
-116.61215325871716 36.75472377348762 48900.1
-116.61213866011678 36.75472447106591 48902.0
-116.61212398568875 36.754725121015866 48904.0
-116.61210934610456 36.754725736345016 48906.2
-116.61209466460797 36.75472634047272 48908.2
-116.61207998579584 36.75472693894644 48910.1
-116.61206519986952 36.75472754468254 48911.9
-116.61205037182388 36.75472816435522 48914.4
-116.61203544974776 36.75472880334318 48916.8
-116.61202055989912 36.75472945354508 48918.2
-116.6120056493466 36.75473011337873 48920.1
-116.61199078333534 36.75473078005167 48922.6
-116.61197585288434 36.75473146094384 48924.8
-116.61196092529832 36.754732155011126 48926.5
-116.6119458869484 36.7547328644455 48928.4
-116.61193097819547 36.75473356993688 48930.4
-116.61191614330065 36.75473426270225 48932.2
-116.611901262702 36.75473493676744 48934.3
-116.61188638346054 36.754735579421165 48935.8
-116.61187146564896 36.754736176208525 48937.3
-116.61185662873982 36.75473672719695 48939.2
-116.61184181506766 36.75473724211365 48941.5
-116.6118270914022 36.75473773215162 48944.1
-116.611812367185 36.754738218048 48946.3
-116.611797704854 36.75473872339144 48947.8
-116.6117830538751 36.75473927258621 48949.6
-116.6117685568395 36.75473987256804 48951.2
-116.6117541274267 36.75474054072965 48952.4
-116.61173981054576 36.754741249613296 48953.8
-116.61172548610672 36.75474198118939 48955.6
-116.6117111969056 36.75474271057656 48957.8
-116.6116968882032 36.754743422409206 48960.2
-116.61168267112367 36.75474410737796 48961.7
-116.61166849161197 36.754744766742654 48963.3
-116.61165441702391 36.75474540012515 48965.9
-116.61164037933648 36.75474601219965 48968.2
-116.61162644568968 36.754746604874896 48969.7
-116.61161257229745 36.75474718040143 48971.4
-116.61159887256912 36.754747734335616 48973.1
-116.61158532576376 36.75474826837885 48974.9
-116.6115719620262 36.75474879231204 48976.3
-116.6115586711992 36.75474932175896 48977.5
-116.61154551263505 36.75474986480207 48978.7
-116.6115324383167 36.754750434935055 48980.2
-116.61151953164472 36.75475102432643 48981.7
-116.61150674384416 36.754751636098014 48982.7
-116.61149413087392 36.754752268424426 48984.4
-116.61148157853052 36.75475292923832 48986.3
-116.6114691009796 36.75475360520859 48987.3
-116.61145663295268 36.754754288166936 48988.8
-116.61144424426642 36.75475496279277 48990.5
-116.61143187139676 36.754755618419175 48992.3
-116.61141954891288 36.75475624242984 48994.2
-116.61140717789372 36.754756832303805 48995.6
-116.61139480964296 36.75475738759037 48996.4
-116.6113824277176 36.75475791252706 48997.4
-116.61137013881888 36.75475841622966 48999.2
-116.61135789889184 36.7547589101796 49000.9
-116.61134575238717 36.754759398888325 49002.7
-116.61133357810644 36.75475988576377 49004.3
-116.61132138667068 36.7547603586762 49005.5
-116.61130909881072 36.75476080646312 49006.6
-116.61129676546405 36.7547612145862 49007.9
-116.61128433731886 36.754761564447726 49009.2
-116.61127186010182 36.754761861839526 49011.0
-116.61125921773544 36.7547621098279 49011.8
-116.61124643357792 36.75476230531408 49013.0
-116.61123346653062 36.75476243381264 49014.5
-116.61122044785614 36.75476250475826 49016.4
-116.61120733159132 36.75476252664657 49018.9
-116.61119417809007 36.75476250925396 49020.7
-116.61118090416804 36.75476245938537 49021.9
-116.61116757649816 36.754762396793375 49023.5
-116.61115413810536 36.7547623373663 49025.1
-116.61114070592552 36.7547622963434 49026.4
-116.61112719209288 36.75476229380165 49027.9
-116.6111136588938 36.75476233367752 49029.1
-116.61109999575903 36.75476242034853 49031.0
-116.61108626221952 36.75476255205024 49032.3
-116.61107236297023 36.754762731418325 49032.9
-116.61105842352312 36.75476294415292 49034.2
-116.61104440209556 36.7547631857069 49035.7
-116.61103032707663 36.75476345169294 49037.2
-116.61101620289053 36.754763748608525 49038.6
-116.61100205743834 36.75476407859267 49039.8
-116.61098790010368 36.75476444729425 49040.8
-116.6109737537158 36.75476485732684 49042.3
-116.61095958282444 36.754765323171135 49044.2
-116.61094538375504 36.754765835294094 49045.2
-116.6109311485933 36.754766389055945 49046.9
-116.61091687812052 36.75476697685709 49048.5
-116.61090254649056 36.7547675980108 49050.2
-116.61088817548028 36.75476824320351 49052.1
-116.61087378321449 36.75476891114655 49053.3
-116.6108593931868 36.75476960150766 49054.5
-116.6108450057426 36.75477032029678 49055.9
-116.61083063570008 36.75477106697648 49057.6
-116.61081629658985 36.75477184672929 49059.1
-116.61080201729963 36.75477266471172 49060.8
-116.61078779209306 36.75477353982942 49062.3
-116.61077362974645 36.75477446415682 49063.2
-116.61075953895204 36.75477542963652 49064.4
-116.6107455310768 36.754776425798354 49066.0
-116.61073159975427 36.75477744254509 49067.6
-116.61071774202932 36.754778456680256 49068.8
-116.6107039442971 36.75477945262035 49069.3
-116.61069017552389 36.75478041831457 49070.3
-116.61067644448072 36.7547813384066 49071.9
-116.61066271933989 36.754782217718606 49073.8
-116.61064893203036 36.75478305330629 49075.2
-116.61063516189265 36.7547838332861 49076.3
-116.6106214281268 36.754784531346296 49077.4
-116.61060777292032 36.75478514933855 49078.8
-116.61059409572236 36.75478568899712 49079.7
-116.61058043350162 36.75478615582568 49080.8
-116.61056677492088 36.75478656126879 49081.8
-116.61055318935864 36.75478693849843 49082.8
-116.61053960490696 36.754787307793215 49084.2
-116.61052607032804 36.75478767872287 49085.5
-116.61051246796312 36.754788064294985 49086.5
-116.61049886446952 36.754788462508834 49087.0
-116.61048521579654 36.75478887022816 49087.9
-116.61047164475636 36.754789278786845 49089.3
-116.61045811869496 36.754789689125616 49091.1
-116.610444641117 36.75479010542544 49092.4
-116.61043126518562 36.75479053238169 49093.2
-116.6104179050404 36.754790979044046 49094.1
-116.61040464255012 36.75479146359921 49095.6
-116.6103488614658 36.75484875788301 49095.3
-116.61034914462844 36.75485449356009 49093.5
-116.61034935394704 36.754860504351406 49093.5
-116.61034952529732 36.75486677700748 49094.4
-116.61034971464508 36.7548732235751 49096.4
-116.6103499531482 36.75487984565123 49096.8
-116.6103502497301 36.75488657441903 49098.7
-116.61035062056352 36.75489352281477 49099.1
-116.61035104092724 36.75490062512243 49098.7
-116.6103514973336 36.754907910435605 49098.1
-116.61035197382692 36.75491533680135 49097.1
-116.6103524589896 36.754922993790224 49097.9
-116.61035293322291 36.75493084639896 49098.3
-116.61035338760604 36.75493898428248 49096.7
-116.61035381244126 36.75494741231144 49097.4
-116.6103541948752 36.75495619434192 49098.6
-116.61035454016512 36.75496523116979 49097.3
-116.6103548485402 36.754974564021005 49096.9
-116.61035511065552 36.75498417984456 49097.8
-116.61035529111469 36.7549941664929 49099.4
-116.61035537668268 36.75500444479368 49100.1
-116.61035534790176 36.75501505255009 49098.8
-116.61035519073444 36.75502593180603 49099.0
-116.61035486979964 36.75503705110084 49099.2
-116.61035442097194 36.7550483301718 49099.3
-116.6103538566288 36.75505982335642 49099.8
-116.61035320047372 36.755071466936 49101.5
-116.610352466091 36.75508326232058 49101.6
-116.61035169426124 36.75509508603589 49100.6
-116.61035089439406 36.75510697286303 49100.3
-116.61035007101287 36.75511887298921 49101.3
-116.6103492045561 36.7551308701325 49103.4
-116.61034829821084 36.75514290701128 49103.7
-116.61034734538224 36.75515503684412 49103.6
-116.61034635062072 36.75516718330106 49104.7
-116.610345297989 36.75517939386131 49106.0
-116.610344195188 36.755191630487175 49106.4
-116.61034303447974 36.75520399659511 49106.2
-116.61034182598812 36.7552164525448 49105.3
-116.61034057354476 36.75522905132043 49104.6
-116.61033931319356 36.75524168649661 49104.7
-116.61033805431222 36.75525441234296 49104.6
-116.61033680749624 36.75526717643898 49104.7
-116.610335559731 36.755280107826735 49105.1
-116.61033431136292 36.75529314038516 49104.8
-116.61033305815936 36.75530633152946 49104.4
-116.61033181022576 36.75531958067533 49104.3
-116.61033056251956 36.75533296834342 49104.2
-116.61032931997154 36.75534647376463 49103.9
-116.61032809146332 36.75536004148676 49103.3
-116.610326869806 36.7553737743349 49103.2
-116.61032566321931 36.75538764265056 49103.2
-116.61032446967845 36.75540167376794 49103.0
-116.61032330539176 36.755415744679446 49101.8
-116.61032217558308 36.75542988364767 49101.2
-116.61032110837344 36.755444048719255 49100.4
-116.61032010100423 36.75545831659473 49099.3
-116.61031916889486 36.75547262028765 49098.5
-116.6103183166824 36.75548699774437 49097.6
-116.61031756791708 36.75550140295921 49097.1
-116.61031690147132 36.755515891024174 49097.2
-116.61031631396608 36.75553042787355 49096.6
-116.61031578941363 36.755545144027984 49095.7
-116.61031531926386 36.75556004970113 49093.8
-116.61031486578668 36.755575188776255 49091.8
-116.61031440442596 36.755590443380925 49090.5
-116.61031391375084 36.75560587865639 49087.6
-116.6103133745202 36.7556214915934 49085.9
-116.61031279554948 36.75563717444328 49085.4
-116.61031217254242 36.75565309292996 49084.2
-116.6103115118756 36.75566904193991 49085.3
-116.61031080353338 36.75568505425496 49084.9
-116.6103100594526 36.75570111039338 49083.9
-116.61030928610684 36.75571719563689 49082.8
-116.61030849297563 36.75573330115242 49080.9
-116.61030769042416 36.755749419702965 49079.2
-116.6103068976206 36.75576555118642 49078.1
-116.61030613239656 36.755781695835175 49076.6
-116.61030540716284 36.755797842331454 49075.4
-116.61030474280736 36.75581400914627 49074.4
-116.61030414233592 36.75583018190747 49072.6
-116.61030361267068 36.75584636125948 49070.6
-116.61030315512971 36.755862536712 49069.0
-116.61030277316766 36.75587873829837 49067.4
-116.610302435666 36.75589494259832 49065.7
-116.61030212366856 36.75591114437447 49063.0
-116.61030182265516 36.755927335496416 49061.3
-116.61030152825928 36.755943513833934 49059.4
-116.61030124168744 36.75595968594877 49058.7
-116.6103009652032 36.75597586253932 49057.4
-116.6103006989496 36.755992049975205 49056.1
-116.61030044712324 36.75600825545524 49054.6
-116.61030021241456 36.756024466504535 49052.4
-116.6102999977157 36.756040673232434 49049.7
-116.61029980142052 36.75605687344658 49048.3
-116.61029961212932 36.756073149106975 49047.2
-116.61029940861005 36.75608938412344 49045.6
-116.610299172466 36.75610559291943 49043.9
-116.6102988896508 36.7561219278176 49041.5
-116.61029853758473 36.75613831605849 49038.6
-116.61029811681004 36.756154820634414 49035.2
-116.61029763166624 36.756171301606976 49032.7
-116.6102970918582 36.75618775539422 49029.7
-116.6102965021948 36.756204290052096 49026.7
-116.6102958908104 36.75622084942898 49027.1
-116.61029527147222 36.75623751061544 49025.8
-116.61029466055489 36.75625415213145 49022.1
-116.61029406628256 36.75627086595132 49019.2
-116.61029349400192 36.75628756834052 49017.1
-116.61029294014322 36.75630437878569 49014.4
-116.61029240596778 36.75632121040154 49012.8
-116.61029189095332 36.75633812500696 49011.3
-116.61029139481973 36.75635497839591 49008.9
-116.61029091395552 36.756371837724096 49005.9
-116.61029044925168 36.756388696819805 49003.4
-116.61029000741476 36.75640549152576 49001.4
-116.6102895834222 36.75642234805734 48999.5
-116.61028918188416 36.75643919364988 48997.0
-116.610288805528 36.75645608500015 48992.9
-116.61028846293084 36.756472892783925 48990.9
-116.61028814466164 36.756489680842925 48987.8
-116.61028784696944 36.75650637952758 48984.4
-116.61028756481898 36.75652311504086 48983.6
-116.610287300869 36.75653980773546 48980.4
-116.61028704284313 36.7565565054862 48977.8
-116.6102867742316 36.75657305146122 48975.9
-116.6102864716988 36.75658949870376 48973.7
-116.61028609624788 36.75660571038568 48973.0
-116.61028563206013 36.756621832174766 48971.4
-116.61028506839776 36.75663779643335 48968.8
-116.6102844019048 36.756653694935466 48966.0
-116.61028363119917 36.75666935603349 48964.2
-116.61028279116827 36.75668491226535 48962.0
-116.61028191256582 36.75670032414576 48957.7
-116.61028101526828 36.756715733151765 48953.1
-116.61028012780724 36.75673107993352 48951.2
-116.61027926366972 36.75674643876776 48948.7
-116.61027844034562 36.75676168325754 48947.5
-116.61027766577696 36.75677685755124 48948.1
-116.61027696839024 36.75679192353565 48946.4
-116.61027635143355 36.75680701726911 48944.4
-116.61027583402364 36.75682210280751 48942.4
-116.61027542295696 36.75683724688027 48940.9
-116.61027514536843 36.75685242711784 48938.4
-116.61027497331868 36.75686770189669 48936.1
-116.6102748922957 36.75688303170477 48933.8
-116.61027488114624 36.75689854467632 48931.1
-116.61027491968126 36.75691421648156 48927.8
-116.6102749656566 36.7569299836088 48923.5
-116.61027499247156 36.75694587047754 48920.6
-116.61027498421798 36.75696171522883 48918.3
-116.61027493240076 36.75697751690247 48916.3
-116.61027485869442 36.75699319721877 48913.3
-116.61027478261316 36.757008870181934 48911.3
-116.61027472424593 36.757024465058 48910.7
-116.61027470713032 36.75704005995482 48909.6
-116.61027473463812 36.757055549069854 48907.6
-116.61027480715218 36.757071007238586 48904.1
-116.61027491463364 36.75708637989168 48900.7
-116.61027504747696 36.75710180191268 48898.2
-116.61027518766431 36.75711719689705 48895.7
-116.61027532913737 36.75713261125144 48893.8
-116.61027546826892 36.75714790875537 48892.0
-116.61027560594816 36.75716313547838 48889.5
-116.61027574282346 36.75717825145623 48886.9
-116.61027588034312 36.75719339898637 48883.7
-116.61027601610182 36.75720854214087 48882.4
-116.61027614100662 36.75722376909686 48880.5
-116.61027624362448 36.757238970983 48877.5
-116.61027631158017 36.75725421196672 48873.5
-116.610276330716 36.75726944326685 48870.6
-116.61027627579676 36.75728476062119 48867.2
-116.61027615266453 36.75730010925401 48864.4
-116.61027596480083 36.757315555944345 48863.5
-116.61027572453536 36.75733099418199 48863.6
-116.61027543624463 36.75734649047703 48861.8
-116.61027511392513 36.75736206970189 48858.1
-116.61027475554192 36.75737769012036 48855.4
-116.61027435517286 36.757393495954894 48853.2
-116.61027390886144 36.75740942998216 48849.9
-116.61027342178912 36.75742553375529 48847.1
-116.61027289327312 36.757441656287845 48846.6
-116.61027231088292 36.7574578448028 48844.2
-116.6102716514445 36.75747396942035 48841.5
-116.61027091442732 36.75749012621431 48840.6
-116.61027010600505 36.75750621468632 48839.5
-116.6102692360631 36.75752227938303 48837.1
-116.61026832452248 36.757538139031645 48835.6
-116.61026739578372 36.75755389457699 48833.7
-116.61026647090344 36.757569503537184 48831.3
-116.61026556217146 36.757585108708376 48828.7
-116.61026470566772 36.75760069061758 48826.8
-116.61026391065344 36.75761633137725 48824.6
-116.6102631963964 36.757631915498806 48822.8
-116.61026256628746 36.75764749294212 48822.7
-116.6102620385862 36.75766305191546 48820.2
-116.61026158988004 36.75767870604388 48817.0
-116.61026121516944 36.75769440753804 48813.5
-116.610260900345 36.75771016907483 48809.4
-116.61026063368531 36.757726118430114 48805.8
-116.6102603931552 36.75774212020979 48803.6
-116.61026016594651 36.75775824256815 48801.5
-116.61025994373874 36.7577744167548 48798.3
-116.61025971640538 36.75779078488218 48794.7
-116.61025947800864 36.75780725479952 48792.3
-116.6102592223238 36.757823880426095 48790.0
-116.61025894887706 36.75784051503729 48788.9
-116.61025865581055 36.75785719970305 48787.7
-116.61025834979436 36.757873838820046 48785.3
-116.61025802418888 36.75789054987896 48783.0
-116.6102576696437 36.757907261899526 48781.7
-116.61025726146268 36.75792399867092 48781.4
-116.61025680150152 36.75794061004164 48778.9
-116.61025628572088 36.75795713999398 48776.7
-116.610255715119 36.75797359246713 48774.8
-116.61025508823076 36.757989883438434 48772.7
-116.61025441827027 36.75800619352478 48770.0
-116.61025372018344 36.758022479270174 48766.3
-116.61025300530876 36.758038822974825 48763.7
-116.61025229694609 36.7580551129664 48762.0
-116.61025160762512 36.7580714247279 48758.4
-116.61025095248708 36.758087691428166 48755.7
-116.61025033498476 36.75810402687877 48753.1
-116.61024977498876 36.75812037864839 48750.2
-116.610249266947 36.758136793302285 48748.7
-116.61024881602393 36.75815313131204 48747.8
-116.61024842156122 36.75816943640431 48745.9
-116.6102480936034 36.758185650683615 48743.6
-116.61024780983684 36.75820188805995 48741.4
-116.61024755376252 36.75821807487439 48741.4
-116.61024730170784 36.75823427280677 48739.4
-116.61024702193556 36.7582503282876 48736.1
-116.61024669538584 36.758266312630525 48734.7
-116.61024631128296 36.758282222961846 48732.5
-116.610245867196 36.75829806728637 48729.9
-116.61024536301804 36.758313800572495 48729.1
-116.61024482454468 36.7583294418089 48726.1
-116.61024426979752 36.758344986845 48723.8
-116.61024371487144 36.75836042805968 48722.1
-116.61024317964154 36.758375754942215 48719.0
-116.61024267242216 36.75839099232974 48715.6
-116.61024219608476 36.75840615549992 48714.0
-116.6102417470787 36.75842125912295 48713.4
-116.61024131535676 36.75843632342306 48709.8
-116.61024088564032 36.75845136213464 48707.5
-116.61024044957844 36.75846637862252 48706.8
-116.61024000197705 36.75848137459736 48703.9
-116.61023953948424 36.75849633516776 48700.1
-116.61023907036753 36.75851126290081 48699.0
-116.61023860552434 36.758526155468566 48698.3
-116.6102381540843 36.75854101131542 48696.8
-116.61023772605496 36.75855584229305 48694.3
-116.61023732204596 36.7585706563532 48691.2
-116.61023694425936 36.75858545792568 48688.7
-116.61023659292132 36.75860024301058 48686.8
-116.61023626914088 36.7586150167998 48684.4
-116.61023596291018 36.75862976995688 48682.1
-116.61023565916187 36.758644559747744 48680.2
-116.61023534359204 36.758659217641565 48677.9
-116.6102349848308 36.758673901127295 48676.4
-116.61023457393404 36.758688558156 48673.7
-116.61023410017432 36.758703244121335 48671.5
-116.61023356852236 36.75871785255425 48669.8
-116.61023298077306 36.75873235285008 48669.0
-116.61023235384688 36.75874688418469 48668.0
-116.61023170245456 36.75876139902348 48663.3
-116.61023103705467 36.75877597078249 48659.4
-116.61023037389133 36.7587905103397 48658.5
-116.61022971623488 36.758805098274166 48656.8
-116.61022906926922 36.75881969670584 48655.9
-116.61022842956385 36.75883443399309 48654.4
-116.61022780471052 36.758849277640905 48652.9
-116.61022719407929 36.75886426172783 48650.6
-116.6102266071818 36.75887924907692 48647.2
-116.6102260463872 36.75889426828616 48644.8
-116.6102255226288 36.758909239103936 48642.5
-116.61022502443473 36.75892424277419 48639.5
-116.6102245445964 36.75893920458429 48638.1
-116.61022406855356 36.75895418329991 48635.7
-116.6102235900451 36.758969053611246 48633.6
-116.61022310329484 36.75898388727696 48630.6
-116.61022260923164 36.75899863014137 48628.5
-116.61022209981506 36.759013409635095 48626.4
-116.61022156362915 36.75902815252358 48623.8
-116.6102209943295 36.75904292119874 48621.8
-116.61022039683452 36.75905758588825 48619.5
-116.61021977507136 36.75907220015928 48617.0
-116.61021913648467 36.7590866761059 48616.5
-116.61021848717644 36.75910113205804 48615.3
-116.6102178355638 36.75911550115832 48612.5
-116.61021718333492 36.759129833224925 48611.8
-116.61021654602888 36.75914399791113 48609.3
-116.61021592584729 36.759158072010045 48606.8
-116.61021532807152 36.75917201049676 48605.1
-116.61021474797664 36.759185937543606 48604.0
-116.61021419284153 36.759199825680334 48600.3
-116.6102136520888 36.759213766 48597.8
-116.61021311829914 36.75922768298904 48596.4
-116.61021257225744 36.75924167707988 48593.3
-116.610211985568 36.75925573300538 48589.8
-116.61021133802734 36.759269980469256 48589.2
-116.61021062737474 36.75928437013596 48587.8
-116.61020987832316 36.75929893591368 48585.8
-116.61020916068033 36.75931354177752 48582.5
-116.61020852119212 36.759328194027766 48580.1
-116.61020798767032 36.75934279750711 48578.3
-116.61020756912268 36.7593573962211 48576.5
-116.6102073156038 36.759371924183085 48574.4
-116.61020722804068 36.759386377751625 48572.9
-116.61020731723508 36.75940061862877 48569.6
-116.61020756581604 36.75941466430105 48567.2
-116.61020795689936 36.759428519772094 48565.8
-116.61020841188775 36.7594423233861 48563.3
-116.61020886844356 36.75945606604435 48562.3
-116.61020927614024 36.7594698101867 48559.0
-116.61020958201236 36.75948359543175 48555.7
-116.61020978497616 36.75949733499656 48553.2
-116.6102098857686 36.759511073875785 48550.6
-116.61020989265806 36.759524764591866 48548.4
-116.61020979967212 36.75953846136468 48546.8
-116.6102096307967 36.75955212475139 48545.0
-116.6102093997104 36.75956579338535 48541.3
-116.61020913391482 36.75957934317227 48538.1
-116.6102088641462 36.75959274875565 48536.3
-116.610208619464 36.759606134424914 48534.7
-116.61020842689062 36.759619444237536 48532.7
-116.61020830312128 36.75963270993516 48530.6
-116.61020826824256 36.759645853632165 48528.9
-116.61020829102443 36.75965892816932 48527.4
-116.61020833691636 36.75967189484443 48525.1
-116.61020837195336 36.75968488261238 48522.8
-116.6102083607538 36.75969783174381 48520.7
-116.61020829726152 36.75971081902293 48518.5
-116.61020818421387 36.75972374456072 48517.1
-116.61020803463175 36.75973665539889 48515.7
-116.6102078689814 36.759749510545376 48513.7
-116.61020771667388 36.759762245341406 48512.8
-116.61020759060814 36.75977494528152 48510.2
-116.61020749284982 36.759787545308896 48507.9
-116.61020741322736 36.75980008865515 48505.5
-116.61020732508236 36.75981248541633 48504.7
-116.61020720784686 36.75982478339822 48503.1
-116.61020704840136 36.75983694902775 48499.2
-116.61020682520308 36.75984903927836 48497.7
-116.61020654322884 36.75986103995645 48496.6
-116.61020620094052 36.75987300403718 48493.7
-116.61020580483948 36.75988485905678 48492.2
-116.6102053493194 36.75989661891417 48491.2
-116.61020485548978 36.75990826699759 48491.7
-116.61020432722222 36.75991989399354 48488.2
-116.61020377133904 36.75993145468579 48486.0
-116.61020318888612 36.75994295959439 48484.6
-116.61020259659188 36.75995433793573 48482.6
-116.61020200094546 36.75996563272113 48480.5
-116.61020141407688 36.75997679582864 48478.3
-116.610200846936 36.759987915733376 48475.4
-116.61020031346412 36.75999896377365 48473.7
-116.61019982370304 36.760009991136336 48471.7
-116.61019938812544 36.76002090263562 48469.4
-116.61019901474806 36.7600317832844 48467.9
-116.6101986895994 36.76004260238462 48466.4
-116.61019839993038 36.760053470610174 48467.0
-116.61019813717157 36.76006436511911 48465.9
-116.61019789133556 36.76007538477592 48464.1
-116.61019764797904 36.76008645878351 48462.8
-116.61019739514796 36.76009765894516 48460.8
-116.61019712559992 36.760108964612535 48458.6
-116.6101968289368 36.76012048629028 48456.5
-116.61019651380654 36.76013215985028 48454.5
-116.61019618425416 36.76014403394343 48453.0
-116.61019584548303 36.76015602395656 48451.4
-116.61019548828284 36.76016821474134 48449.3
-116.61019510805944 36.76018055360237 48446.6
-116.61019469574848 36.76019316746152 48444.4
-116.61019424758156 36.76020605001524 48443.0
-116.61019374822264 36.76021932672481 48441.7
-116.61019320581896 36.76023288007368 48439.5
-116.61019262202456 36.76024677641468 48437.2
-116.61019201035684 36.7602609643801 48435.1
-116.6101913842238 36.760275612005984 48432.4
-116.6101907724086 36.760290605802815 48429.7
-116.61019018914944 36.760306004680906 48427.7
-116.61018964824824 36.76032167378689 48425.8
-116.61018916101628 36.76033774579643 48423.4
-116.61018873044092 36.76035407097753 48421.4
-116.61018836092695 36.760370748072575 48418.6
-116.6101880562537 36.76038766010238 48414.7
-116.61018782096043 36.76040489213439 48412.0
-116.61018763333485 36.76042222364918 48410.2
-116.61018747959784 36.760439703630446 48409.0
-116.61018734976793 36.76045731647512 48407.8
-116.6101872359996 36.76047500736201 48404.9
-116.61018712188005 36.7604928947629 48401.2
-116.61018699524143 36.76051099005643 48398.2
-116.61018684473464 36.760529175246816 48396.3
-116.61018665504984 36.7605475670628 48394.9
-116.61018642336776 36.76056617058875 48393.2
-116.61018614307436 36.76058500984985 48390.3
-116.61018580883724 36.76060410854684 48386.9
-116.61018540784336 36.76062348628376 48383.2
-116.61018494767944 36.760643091559885 48380.2
-116.61018442948792 36.76066289033927 48377.7
-116.61018385072654 36.76068285426064 48374.1
-116.61018318550138 36.76070293480949 48371.2
-116.6101824275116 36.7607230960364 48369.3
-116.61018155911536 36.76074333073517 48368.5
-116.61018056342115 36.76076366513964 48366.7
-116.61017941062026 36.760784075867136 48364.1
-116.61017814349763 36.76080457606066 48360.9
-116.61017680690712 36.760825162113775 48355.9
-116.61017546769344 36.76084580857624 48353.5
-116.61017421460626 36.76086652181115 48351.7
-116.6101730845377 36.760887265314985 48347.7
-116.61017209117274 36.76090801972417 48343.4
-116.61017122648904 36.760928756440464 48341.5
-116.6101704699154 36.760949502000095 48342.1
-116.61016976257424 36.76097023377887 48340.5
-116.61016907527484 36.76099095142676 48337.3
-116.61016839128484 36.76101165813243 48333.8
-116.61016770138438 36.76103244140191 48332.2
-116.61016701970864 36.761053060089495 48331.0
-116.61016634683207 36.76107376377332 48329.4
-116.6101656948332 36.761094461551885 48326.3
-116.61016507380836 36.7611152431734 48324.1
-116.61016448651084 36.76113593924456 48322.2
-116.61016392531305 36.76115664003618 48319.0
-116.6101633777234 36.76117727904424 48317.3
-116.61016281732503 36.76119804893566 48316.6
-116.61016222963931 36.76121888035794 48314.8
-116.610161596541 36.76123987369848 48312.6
-116.6101609097146 36.76126088785006 48310.7
-116.61016015026348 36.761282016487456 48309.9
-116.6101593360674 36.761303172771214 48308.9
-116.61015847110112 36.7613245197356 48306.0
-116.61015757046404 36.76134596228491 48303.1
-116.6101566380148 36.761367576774674 48302.0
-116.61015569164816 36.761389170788405 48300.7
-116.61015473197264 36.761410821339446 48299.3
-116.61015376730336 36.76143243414129 48298.5
-116.61015279664907 36.76145417509234 48297.4
-116.6101518339945 36.76147593505468 48295.8
-116.61015088630816 36.76149778187228 48295.2
-116.610149965696 36.761519519149225 48294.3
-116.6101490693584 36.76154122153529 48292.7
-116.6101481858018 36.761562802526655 48292.9
-116.61014729128364 36.76158444453207 48292.5
-116.61014637323714 36.76160608063248 48291.2
-116.6101454056286 36.761627807812246 48290.5
-116.61014439199424 36.761649479993615 48290.8
-116.6101433270672 36.76167120383624 48290.6
-116.6101422200828 36.761692912320925 48289.4
-116.61014107131383 36.761714789112666 48286.9
-116.61013990854188 36.76173673302292 48283.5
-116.61013874564728 36.76175872150492 48282.1
-116.61013758607275 36.76178081445639 48283.2
-116.6101364437447 36.76180281972853 48286.2
-116.61013531056324 36.76182481311236 48288.0
-116.61013419527389 36.76184670115535 48286.0
-116.61013309935888 36.76186865262278 48283.0
-116.61013204206024 36.7618906867497 48284.6
-116.61013103720792 36.76191264949195 48287.1
-116.6101300839756 36.76193466068828 48286.4
-116.61012918506488 36.76195666247856 48285.5
-116.6101283345622 36.76197889697527 48285.7
-116.61012752007512 36.76200126063073 48286.6
-116.61012673602796 36.76202383910053 48287.0
-116.6101259867608 36.76204643360134 48286.1
-116.61012526484436 36.76206912744524 48286.3
-116.61012456454527 36.762091784228254 48288.2
-116.61012387685592 36.76211456915111 48288.6
-116.6101231996799 36.76213737900737 48288.6
-116.61012251980011 36.76216028934976 48289.2
-116.6101218270352 36.762183086143615 48287.5
-116.61012110630232 36.76220582880328 48288.6
-116.610120357635 36.762228388692016 48289.4
-116.61011958454748 36.76225086867215 48288.0
-116.6101188131885 36.76227316450484 48289.8
-116.6101180568805 36.7622953359968 48291.7
-116.61011732891764 36.76231718536211 48289.8
-116.610116622243 36.762338778095405 48287.9
-116.61011592679192 36.76236007786845 48290.0
-116.61011523500407 36.762381274726586 48291.3
-116.61011455257004 36.76240230167864 48291.4
-116.61011388644152 36.76242324792624 48292.3
-116.61011324972525 36.762443992126286 48292.8
-116.61011265124722 36.762464637832366 48293.2
-116.61011210204624 36.762485111186045 48294.9
-116.61011161877104 36.76250559445168 48298.3
-116.6101111974561 36.762526007946825 48299.8
-116.6101108242412 36.76254642335761 48298.4
-116.61011047423248 36.762566668540046 48296.9
-116.61011010812824 36.7625868031155 48297.2
-116.61010970312525 36.76260684682615 48296.5
-116.61010925395549 36.76262673451975 48295.1
-116.61010874981424 36.76264666700629 48296.7
-116.61010816859832 36.762666592354186 48298.1
-116.61010750255384 36.76268665320824 48299.4
-116.61010675273737 36.76270673175004 48300.0
-116.61010593237138 36.7627268501005 48301.7
-116.61010507315072 36.76274710945509 48303.0
-116.6101042616386 36.76276728061969 48305.0
-116.61010358183904 36.7627872086054 48307.9
-116.61010313383797 36.76280631732258 48308.0
-116.6100465799068 36.76286833595742 48306.2
-116.61003304838972 36.76286706032272 48305.0
-116.61001847536242 36.76286583459563 48304.9
-116.6100030942366 36.762864686117375 48304.7
-116.60998666507892 36.76286362927648 48304.1
-116.60996949913245 36.76286265973738 48303.9
-116.60995148731624 36.76286177418747 48303.5
-116.60993276607628 36.7628609840896 48302.6
-116.60991307734416 36.76286031186391 48302.1
-116.6098927626348 36.762859741103725 48302.2
-116.60987177549796 36.76285925373615 48301.9
-116.60985025928416 36.76285883113447 48302.0
-116.60982796092723 36.76285845869707 48302.9
-116.60980510809902 36.762858124527526 48303.0
-116.6097816209804 36.762857836726 48303.1
-116.6097577172136 36.76285760740822 48302.7
-116.60973323466412 36.76285745328608 48302.8
-116.60970842005956 36.762857368854256 48303.2
-116.6096831309408 36.76285736024716 48302.5
-116.60965754153015 36.762857427454826 48302.6
-116.60963153866814 36.76285757222698 48304.0
-116.6096054376764 36.76285776602595 48304.1
-116.60957916510348 36.762857988684544 48303.1
-116.60955284411584 36.76285821661257 48302.0
-116.60952626545335 36.7628584245389 48302.4
-116.60949956028628 36.762858597042886 48303.8
-116.60947263028586 36.76285872020417 48305.2
-116.60944568709868 36.762858788247726 48304.5
-116.60941862246987 36.762858824732895 48303.8
-116.60939142277124 36.762858892276135 48305.0
-116.60936407184847 36.76285903549427 48304.9
-116.60933661263655 36.76285927509111 48303.5
-116.60930903520308 36.76285964012295 48303.6
-116.60928141677532 36.762860114547095 48303.9
-116.6092537753564 36.76286068680467 48304.5
-116.60922612173805 36.762861338140645 48305.3
-116.6091984074048 36.76286205343122 48305.8
-116.60917063186088 36.76286280617645 48306.0
-116.60914276660095 36.762863587825805 48306.7
-116.60911478191854 36.76286439326719 48307.7
-116.60908661391436 36.76286522115637 48308.9
-116.6090582666892 36.76286606448816 48309.5
-116.60902973934331 36.76286692765692 48310.2
-116.6090010653062 36.76286781798068 48311.1
-116.60897230566304 36.76286874645214 48311.5
-116.608943631689 36.762869701968505 48312.1
-116.60891526946124 36.76287067656355 48313.4
-116.60888757356103 36.76287166171876 48312.9
-116.60886120970822 36.76287266294838 48314.2
-116.60883661005823 36.76287369955087 48315.7
-116.6087485981471 36.76280555776911 48308.3
-116.60874966326584 36.76279740947788 48304.7
-116.60875066672466 36.76278896963145 48305.6
-116.608751642988 36.762780388365606 48306.0
-116.60875261689246 36.7627716692357 48305.7
-116.60875358634948 36.7627629054757 48305.5
-116.60875455312896 36.762754058775805 48305.5
-116.60875550863771 36.762745184306745 48304.8
-116.60875645109788 36.76273620176429 48304.1
-116.60875736515342 36.76272714565571 48303.7
-116.60875823034368 36.762717934401486 48303.5
-116.60875904361816 36.76270853594072 48303.2
-116.60875979531497 36.76269900265872 48302.7
-116.6087604898411 36.7626892987241 48302.6
-116.60876112409709 36.76267937537644 48302.4
-116.6087617204064 36.76266920407856 48302.0
-116.60876228263396 36.76265882532629 48301.7
-116.60876281958237 36.7626482116156 48301.2
-116.60876333011404 36.76263740503267 48300.9
-116.6087638292674 36.76262639853895 48300.5
-116.60876431937326 36.7626152217869 48299.9
-116.6087648002906 36.76260376715705 48299.9
-116.60876525755113 36.76259199496357 48299.9
-116.60876568321386 36.762579886529565 48299.3
-116.60876605941752 36.762567537890746 48298.6
-116.6087663796061 36.76255493012054 48298.1
-116.60876663160283 36.76254207692486 48297.6
-116.60876683330667 36.7625289601389 48297.0
-116.60876698563148 36.76251565309765 48296.5
-116.6087670826357 36.76250212739997 48296.4
-116.60876709618722 36.76248843150172 48296.1
-116.60876703168265 36.762474549470966 48295.7
-116.60876689217169 36.76246047687724 48295.3
-116.60876668385994 36.76244628271694 48294.7
-116.60876640233757 36.76243180013889 48294.4
-116.60876607791516 36.76241714244144 48293.9
-116.60876573275333 36.762402270683545 48293.6
-116.60876539271888 36.762387322510286 48293.3
-116.6087650722835 36.76237225445604 48292.7
-116.60876477069192 36.76235715505536 48292.2
-116.6087644787606 36.76234191065799 48291.9
-116.6087641929952 36.7623265835215 48291.5
-116.60876390856912 36.76231109843036 48291.3
-116.60876362550825 36.7622955848756 48290.5
-116.60876334426172 36.76227997358895 48289.7
-116.60876306846993 36.76226431259673 48289.5
-116.60876279943716 36.76224844883746 48289.3
-116.60876253719272 36.762232453554255 48288.6
-116.60876227872484 36.76221625865878 48288.1
-116.60876202918128 36.76219999289752 48287.6
-116.60876179691104 36.76218359604557 48287.3
-116.6087615869524 36.762167166215846 48287.0
-116.60876139868544 36.762150587029936 48286.6
-116.60876122906184 36.76213393408067 48286.0
-116.60876107476086 36.76211714826636 48285.6
-116.60876092936763 36.76210037556496 48285.4
-116.60876078497992 36.7620835533488 48285.2
-116.60876063359171 36.76206675493385 48285.1
-116.60876046003057 36.76204983948363 48285.0
-116.6087602553041 36.76203288566227 48284.9
-116.60876000990372 36.76201582650664 48284.5
-116.60875972036672 36.761998806450016 48284.2
-116.60875937598946 36.761981733888405 48283.9
-116.60875898807474 36.76196469510816 48283.5
-116.60875855979224 36.76194756436606 48283.0
-116.60875810282084 36.76193042970248 48282.6
-116.60875762890812 36.76191323591803 48282.4
-116.60875716046264 36.76189614080684 48282.5
-116.60875670803031 36.76187909104789 48282.7
-116.60875627948748 36.761862090803824 48282.7
-116.60875588740282 36.76184522752857 48282.6
-116.60875552623656 36.7618283480356 48282.4
-116.60875519623312 36.761811511457374 48282.4
-116.60875488896863 36.76179463492712 48282.7
-116.60875459534503 36.76177784678077 48282.8
-116.6087542991745 36.76176106729564 48283.1
-116.6087539952209 36.7617443651062 48283.3
-116.60875367936532 36.761727618928894 48283.5
-116.6087533484609 36.76171091200449 48283.6
-116.60875300284674 36.76169419457759 48283.9
-116.6087526461047 36.76167761340313 48284.2
-116.60875228070496 36.76166111279085 48284.3
-116.60875191180558 36.761644771147246 48284.5
-116.6087515389824 36.76162844427226 48285.2
-116.60875116320972 36.76161218965209 48285.3
-116.60875078381017 36.76159593302434 48285.5
-116.60875041137209 36.76157979722888 48286.0
-116.60875005924636 36.76156369904067 48286.5
-116.6087497482534 36.761547696275045 48286.9
-116.60874949123536 36.76153164284837 48287.6
-116.60874930895535 36.76151563501323 48288.3
-116.60874918929696 36.761499594750745 48288.7
-116.6087491263172 36.76148365331174 48289.3
-116.6087491066942 36.76146774173815 48289.9
-116.6087491165232 36.761451936878736 48290.8
-116.60874913241248 36.76143608826483 48291.6
-116.6087491427146 36.76142025132751 48292.0
-116.60874914039404 36.761404357053244 48292.8
-116.60874911984745 36.761388514667466 48293.6
-116.60874908828636 36.76137265870478 48294.2
-116.60874906349233 36.76135685112846 48295.1
-116.60874906545608 36.76134096034134 48295.9
-116.60874910840076 36.761325067245146 48296.7
-116.6087491801032 36.76130910702904 48297.7
-116.60874925514342 36.76129321505906 48298.7
-116.60874929618002 36.76127735132326 48299.4
-116.6087492595384 36.761261557484126 48300.3
-116.60874916203684 36.761245714914686 48301.4
-116.60874903738272 36.761229886638894 48302.8
-116.60874892943416 36.76121399524151 48304.0
-116.6087488985509 36.76119819368776 48305.2
-116.60874896246392 36.761182406453685 48306.4
-116.60874912911818 36.76116662926116 48307.9
-116.60874939175164 36.76115084502153 48309.2
-116.60874973703164 36.76113509778645 48310.4
-116.608750105494 36.76111937612461 48311.8
-116.60875045217648 36.761103690539535 48313.0
-116.60875073801614 36.76108807439397 48314.3
-116.60875091422606 36.76107251050731 48315.6
-116.60875098156464 36.7610570153637 48317.0
-116.60875094292912 36.76104159422198 48318.3
-116.60875081314532 36.761026262762535 48319.6
-116.60875061331352 36.76101099704366 48321.1
-116.60875039357158 36.76099580672575 48322.5
-116.60875018990308 36.76098069540048 48324.0
-116.60875003048088 36.76096564926813 48325.4
-116.60874993752482 36.7609507020458 48326.8
-116.60874989665136 36.76093582497776 48328.4
-116.60874989802976 36.76092101750709 48329.8
-116.60874992788511 36.76090627323124 48331.5
-116.60874997366624 36.76089160334751 48333.1
-116.60875002213275 36.7608769962203 48334.4
-116.60875006335657 36.76086245802768 48335.9
-116.60875008946834 36.760848006927866 48337.7
-116.60875008708824 36.760833663232695 48339.5
-116.60875005183392 36.760819429093054 48341.0
-116.6087499802008 36.76080531513831 48342.5
-116.60874986962511 36.76079134090837 48344.5
-116.60874971386151 36.760777510937054 48346.4
-116.6087495218029 36.76076376500174 48348.0
-116.60874929934188 36.76075021177716 48349.8
-116.608749055999 36.76073679189509 48351.7
-116.60874881140973 36.760723534786365 48353.7
-116.60874858587444 36.76071028141812 48355.7
-116.60874839906052 36.760697046339736 48357.2
-116.60874826426776 36.7606837822752 48358.9
-116.60874820112952 36.760670444444905 48360.6
-116.6087481970223 36.76065712852763 48362.3
-116.6087482452306 36.76064378431244 48364.4
-116.60874834398652 36.76063044486696 48366.4
-116.60874851208676 36.76061700622303 48368.4
-116.60874874757091 36.76060350099993 48370.6
-116.60874904774032 36.760589872912256 48372.4
-116.60874938987612 36.76057624423325 48374.4
-116.60874972897092 36.76056259567376 48376.6
-116.60875001948764 36.760549006368606 48378.7
-116.60875024189522 36.76053538531096 48380.3
-116.60875038694854 36.76052181861548 48382.1
-116.60875044936024 36.760508225584886 48384.5
-116.608750467093 36.76049472138397 48386.7
-116.60875047525256 36.76048123546799 48388.7
-116.60875050881556 36.76046779775633 48390.7
-116.60875060800949 36.76045432967556 48392.7
-116.60875078230846 36.76044088516192 48394.6
-116.60875103317288 36.7604274231275 48396.6
-116.60875134882292 36.76041404754364 48399.0
-116.60875171599476 36.76040074153454 48400.9
-116.60875209713916 36.760387526281534 48403.1
-116.6087524723972 36.760374280401365 48405.4
-116.60875282721072 36.76036105303312 48407.5
-116.60875315399792 36.76034776869149 48409.4
-116.6087534620609 36.76033453173827 48411.6
-116.6087537655766 36.7603212854198 48413.8
-116.60875407693388 36.76030807602382 48416.0
-116.60875441298388 36.76029480887373 48418.2
-116.60875476915471 36.76028154370373 48420.6
-116.60875513361952 36.76026823780887 48422.8
-116.60875548433432 36.76025501339828 48425.1
-116.60875579649196 36.760241809008896 48427.2
-116.60875605677636 36.760228678095096 48429.4
-116.60875624764124 36.76021551139446 48431.7
-116.60875634179456 36.76020238204924 48434.0
-116.60875629719308 36.760189147222086 48436.4
-116.60875614252346 36.7601759164988 48438.8
-116.60875590518565 36.7601626227041 48441.2
-116.60875562560676 36.760149314150816 48443.3
-116.60875535049811 36.76013587787576 48445.4
-116.60875511309835 36.76012238411272 48447.8
-116.60875493232116 36.76010877963732 48450.4
-116.60875481902752 36.76009516192229 48453.0
-116.60875477616372 36.760081511803406 48455.4
-116.60875477851236 36.760067877043646 48457.4
-116.60875481077892 36.76005414933535 48459.5
-116.60875485547562 36.76004038268537 48461.9
-116.60875488746542 36.760026501403786 48464.3
-116.6087548916994 36.76001261539701 48466.8
-116.60875486082092 36.75999866769201 48469.3
-116.6087548069756 36.759984718300345 48471.7
-116.60875476271396 36.75997067049303 48474.3
-116.608754762078 36.75995661639792 48476.8
-116.60875482433084 36.759942518654086 48479.4
-116.6087549509584 36.759928488757375 48482.0
-116.60875513519956 36.75991450106683 48484.6
-116.60875534901056 36.75990058121252 48487.2
-116.60875558396243 36.759886597593486 48489.8
-116.60875583885212 36.75987256867462 48492.3
-116.60875612791185 36.75985842573212 48494.9
-116.60875644935318 36.759844294685166 48497.6
-116.6087568069398 36.759830145525406 48500.4
-116.60875719928762 36.75981605328048 48502.8
-116.6087576284268 36.759801946172566 48505.0
-116.60875807527025 36.75978788091028 48507.6
-116.60875853367608 36.7597738052916 48510.1
-116.60875899916137 36.75975982323124 48512.7
-116.6087594739014 36.75974587368073 48515.6
-116.60875994961782 36.759731985978846 48518.4
-116.60876042532747 36.75971802248115 48521.0
-116.6087608956908 36.759704008754426 48523.7
-116.60876135973191 36.759689833344574 48526.5
-116.60876180537404 36.759675597934006 48529.3
-116.6087622180092 36.75966124534516 48531.7
-116.6087625802452 36.759646878333726 48534.4
-116.60876286467754 36.75963243196568 48537.3
-116.60876305962036 36.75961811501 48540.2
-116.6087631476428 36.75960404260657 48543.3
-116.6087631192008 36.75959058711394 48544.4
-116.60876294737774 36.75957800459252 48542.9
-116.6087626547539 36.75956650506948 48542.9
-116.60876224091346 36.75955619395453 48546.9
-116.608761720676 36.75954741514687 48550.1
-116.60876104683392 36.75954032445104 48545.8
-116.60876026784348 36.75953480693752 48541.7
-116.608759412647 36.759530650308776 48543.7
-116.60875860367724 36.759527726750704 48547.0
-116.60875763594753 36.75952504667613 48552.9
