Long Lat Mag_nT
-116.61055381345469 36.75947764515527 48526.3
-116.61053719407816 36.75947578286985 48526.1
-116.61051930300492 36.75947398242555 48527.6
-116.61049988123112 36.75947226053639 48528.8
-116.61047921106837 36.75947062218592 48529.4
-116.61045737251926 36.75946908707795 48530.4
-116.6104345125031 36.75946768012478 48532.0
-116.61041056659158 36.759466459574455 48533.0
-116.61038590421744 36.7594654193808 48533.6
-116.61036071904472 36.759464551412336 48534.4
-116.61033520589332 36.7594638274124 48535.3
-116.61030947120088 36.75946322256501 48536.8
-116.61028372364784 36.7594626787518 48538.8
-116.61025808141449 36.75946216454084 48540.1
-116.61023262138777 36.759461659195374 48541.1
-116.61020745079216 36.75946113624696 48542.1
-116.61018257481771 36.75946057637739 48543.9
-116.61015800596162 36.75945996725783 48546.0
-116.61013372412596 36.7594593039448 48547.0
-116.610109779088 36.75945857702799 48547.2
-116.61008609356315 36.75945779366926 48547.5
-116.61006262505268 36.7594569572344 48548.1
-116.61003931616274 36.75945608359506 48549.4
-116.61001613763864 36.75945519732932 48550.9
-116.60999301283812 36.759454318149714 48552.1
-116.6099698969096 36.75945344987132 48552.8
-116.6099467503534 36.759452592392805 48553.7
-116.60992354306188 36.75945174412824 48554.8
-116.6099002993504 36.75945089932456 48556.5
-116.60987703649432 36.75945005355537 48558.2
-116.60985376117648 36.75944920259136 48558.6
-116.60983045169264 36.75944833328169 48559.2
-116.60980707190087 36.75944742969472 48559.7
-116.60978358531996 36.75944647358702 48559.8
-116.60975995057412 36.75944545320738 48560.5
-116.60973615649507 36.759444358499486 48560.9
-116.609712220925 36.75944320982118 48560.7
-116.60968814818068 36.7594420195033 48560.8
-116.60966395773806 36.75944079704868 48561.9
-116.60963967577936 36.75943954769856 48563.3
-116.6096153380225 36.759438282786256 48564.1
-116.60959096080576 36.75943701393335 48564.2
-116.6095665573188 36.75943575447079 48565.2
-116.60954212534789 36.75943451511996 48566.0
-116.60951768119384 36.75943329794833 48566.1
-116.60949323473828 36.759432105632285 48566.3
-116.609468801262 36.759430938092926 48567.0
-116.60944438763904 36.75942979877724 48568.1
-116.60941999748172 36.75942868103803 48569.3
-116.60939563092178 36.75942757764298 48570.3
-116.60937129080318 36.7594264839812 48571.0
-116.60934697692518 36.75942540083397 48571.4
-116.60932269378092 36.75942432311222 48572.1
-116.60929845949292 36.75942324554009 48573.1
-116.6092742924442 36.759422162758135 48574.1
-116.6092502141327 36.759421069007566 48574.4
-116.6092261896206 36.75941996229639 48574.3
-116.60920219285669 36.759418833162414 48574.6
-116.6091781920834 36.75941767327054 48574.5
-116.60915415661232 36.759416479089154 48574.5
-116.6091300680686 36.75941525476605 48574.5
-116.60910593116316 36.7594139917258 48574.6
-116.60908173806403 36.75941267659604 48574.7
-116.60905750399064 36.75941128405341 48574.5
-116.60903322545012 36.75940982242444 48574.8
-116.6090088989644 36.7594083065616 48575.9
-116.60898453878076 36.7594067665404 48577.6
-116.6089601586855 36.75940524132001 48579.0
-116.60893578349588 36.75940375608933 48579.5
-116.60891143680108 36.75940232497268 48579.6
-116.6088871492325 36.75940094978988 48579.5
-116.60886292648046 36.75939963677013 48579.2
-116.60883875110513 36.75939837377991 48578.7
-116.60881459172748 36.75939715826158 48578.6
-116.60879041661028 36.75939598157765 48578.6
-116.60876618385235 36.75939482390324 48578.5
-116.60874189858411 36.759393657072685 48578.2
-116.6087175624358 36.759392465800175 48578.5
-116.60869317071626 36.75939123861139 48579.1
-116.6086687343866 36.75938996361885 48579.2
-116.6086442570594 36.75938865057671 48579.0
-116.60861974363132 36.7593873016379 48579.2
-116.6085952010513 36.75938591126116 48579.4
-116.60857068240364 36.75938446309227 48579.7
-116.60854621478252 36.75938296670879 48579.9
-116.60852180327508 36.759381433884776 48580.0
-116.60849743442058 36.759379881107535 48580.3
-116.60847308192076 36.759378328952685 48580.1
-116.60844872692036 36.75937679127777 48580.2
-116.60842437162418 36.75937527770415 48580.3
-116.60840003219344 36.75937379548143 48580.1
-116.60837571101251 36.75937236017972 48580.2
-116.6083514121306 36.759370972721264 48580.0
-116.60832713606445 36.75936963797727 48579.5
-116.60830289344231 36.759368361637975 48579.1
-116.60827864944876 36.7593671522947 48579.4
-116.60825437652151 36.7593659780655 48579.5
-116.60823004337036 36.759364803644594 48579.2
-116.60820560346758 36.75936358282654 48578.7
-116.60818106575076 36.759362249624125 48577.9
-116.60815645698892 36.75936079335125 48577.0
-116.60813179803192 36.75935921085853 48576.7
-116.608107105368 36.75935751907653 48577.2
-116.60808244278856 36.75935574410472 48577.7
-116.60805781579356 36.75935393836596 48578.3
-116.60803323593744 36.759352138476174 48579.7
-116.6080087306234 36.75935038346099 48582.0
-116.60798429207144 36.75934873052057 48582.6
-116.60795991673254 36.7593472039736 48582.4
-116.6079356105144 36.759345813337205 48582.2
-116.60791138324404 36.75934454681428 48581.7
-116.60788717591235 36.7593433882868 48581.4
-116.60786296255336 36.75934228826914 48581.3
-116.60783861468634 36.75934120813098 48580.7
-116.60781438780812 36.759340124370205 48580.0
-116.60778986385588 36.75933898882533 48580.4
-116.60776532915337 36.75933781928981 48580.1
-116.60774068424622 36.759336619335 48579.7
-116.60771594664372 36.75933540443062 48580.4
-116.6076911416744 36.75933419777485 48580.7
-116.6076663215544 36.759333011854814 48579.0
-116.60764151245267 36.75933185026651 48577.6
-116.60761673144728 36.75933071137732 48577.3
-116.60759198156786 36.7593295915548 48577.4
-116.60756726111516 36.759328480829744 48576.1
-116.60754256810986 36.75932737295182 48575.2
-116.60751789361302 36.75932626562536 48576.2
-116.60749321754994 36.75932515286927 48576.5
-116.60746851417392 36.759324028327896 48576.2
-116.60744377557911 36.75932288488535 48575.0
-116.6074190024262 36.759321717194894 48573.6
-116.60739421863566 36.75932051407742 48572.1
-116.6073694336119 36.75931927382568 48570.3
-116.60734465398995 36.759317991846885 48568.9
-116.6073198763934 36.75931666936809 48568.1
-116.60729512633446 36.7593153191358 48568.0
-116.60727039022572 36.759313975707485 48568.1
-116.60724565778555 36.75931266929632 48566.8
-116.60722094292107 36.759311422626176 48566.8
-116.60719620930564 36.75931026308739 48566.3
-116.60717148157892 36.759309181130575 48565.3
-116.60714676357136 36.75930817028524 48564.4
-116.607122062491 36.759307222369394 48564.1
-116.6070973325535 36.75930633413022 48563.5
-116.60707258034736 36.7593054847617 48562.8
-116.60704779955456 36.7593046640383 48562.4
-116.60702298747157 36.75930385772223 48560.9
-116.60699814876 36.75930304998501 48559.8
-116.60697330195032 36.75930222772249 48558.9
-116.60694845046277 36.75930138011632 48558.0
-116.60692357900116 36.759300496722005 48556.6
-116.60689870032289 36.75929955924612 48555.1
-116.6068737999128 36.759298575907 48554.2
-116.60684887531065 36.75929755396827 48552.9
-116.60682392129496 36.75929650408894 48551.3
-116.60679893823172 36.759295446239726 48550.5
-116.60677392971986 36.759294406533286 48550.8
-116.60674890600866 36.75929339995918 48551.0
-116.6067238891264 36.75929242947692 48550.9
-116.6066988769423 36.75929149274931 48550.0
-116.60667388294756 36.759290567363486 48548.3
-116.6066489045189 36.75928963305289 48547.3
-116.60662392207364 36.75928866962361 48546.4
-116.60659894161446 36.759287644858304 48545.3
-116.60657393553588 36.7592865547263 48543.9
-116.60654888959463 36.75928539918484 48542.4
-116.60652379259147 36.75928419032517 48542.5
-116.60649867725216 36.75928294509696 48543.6
-116.60647356345488 36.75928169181848 48544.3
-116.60644847889289 36.75928044471465 48543.3
-116.6064234416678 36.75927920834239 48541.8
-116.60639846401985 36.75927797872147 48541.0
-116.60637354127958 36.75927675132228 48540.7
-116.6063486719037 36.75927552830698 48540.7
-116.606323862926 36.7592743148114 48540.6
-116.6062991272595 36.7592731190375 48539.8
-116.60627445863534 36.75927193109571 48538.0
-116.60624984782623 36.75927073451887 48536.0
-116.60622526498976 36.75926951908679 48535.1
-116.60620067466569 36.75926828527911 48535.6
-116.60617602884864 36.75926704981221 48536.5
-116.60615129540815 36.759265824456655 48536.7
-116.60612647159992 36.759264617826254 48536.4
-116.60610153702022 36.75926344308 48536.9
-116.60607654004544 36.75926229479851 48536.8
-116.60605151353306 36.75926116484437 48535.7
-116.60602649357928 36.759260042186455 48534.8
-116.6060015238568 36.75925892087801 48533.7
-116.6059766160276 36.759257802072206 48532.4
-116.60595176763051 36.75925668221529 48531.2
-116.60592695850552 36.75925554691111 48530.1
-116.6059021938448 36.759254365130495 48529.3
-116.60587744181892 36.75925312265852 48528.9
-116.60585269031294 36.759251814746 48528.3
-116.60582792208344 36.759250449452985 48527.8
-116.6058031496286 36.75924904185787 48527.2
-116.60577836469352 36.75924761829072 48526.3
-116.6057535796258 36.75924619132184 48525.2
-116.6057288160388 36.75924477112108 48523.6
-116.60570409526952 36.75924336554178 48522.0
-116.60567942587755 36.759241973983535 48520.6
-116.6056548060554 36.759240592963856 48518.9
-116.60563021721924 36.759239211689525 48516.9
-116.60560563192053 36.75923781488089 48514.8
-116.60558100889754 36.75923639497004 48510.9
-116.60555632923294 36.759234949310496 48508.6
-116.60553159649588 36.7592334793048 48507.3
-116.60550683237987 36.75923199587962 48505.3
-116.60548205435684 36.75923052888589 48503.5
-116.60545728574418 36.75922910855036 48502.1
-116.6054325603092 36.75922774754287 48499.2
-116.60540787397484 36.75922644926848 48494.7
-116.60538324504844 36.759225192181006 48489.0
-116.6053586798278 36.75922395385344 48484.2
-116.6053341712642 36.75922270604105 48480.2
-116.60530975538856 36.75922141531495 48475.2
-116.6052854197148 36.75922007431237 48469.6
-116.60526116809626 36.759218688633126 48465.0
-116.60523698144404 36.759217271191694 48460.3
-116.6052128288508 36.759215835266254 48455.7
-116.60518862655609 36.759214401266966 48450.6
-116.6051643255894 36.75921297436937 48445.0
-116.60513990541952 36.759211551978005 48440.0
-116.6051153386802 36.75921013770344 48435.3
-116.60509066449504 36.75920873365053 48430.2
-116.60506590072497 36.75920733312985 48424.0
-116.60504106700304 36.75920592555322 48417.8
-116.60501619054406 36.75920449740983 48411.0
-116.60499129347832 36.75920303962149 48404.3
-116.60496639432014 36.75920154172064 48398.5
-116.60494151126152 36.75920000214055 48392.6
-116.60491669525533 36.75919844096622 48385.5
-116.60489194092814 36.759196902164376 48378.4
-116.604867262696 36.759195421522 48372.0
-116.60484269973884 36.75919403079169 48365.9
-116.60481822390868 36.7591927602698 48359.9
-116.60479384015044 36.75919158566944 48353.4
-116.60476952648968 36.75919048094542 48346.5
-116.60474522868024 36.7591894076172 48339.4
-116.60472088306388 36.75918831465982 48332.2
-116.6046964594876 36.759187172219285 48324.9
-116.60467193833122 36.75918596858748 48317.9
-116.60464729064752 36.759184698745855 48311.0
-116.6046225169532 36.75918335386391 48303.9
-116.60459762181848 36.75918195909975 48297.3
-116.6045726213462 36.759180536821326 48292.3
-116.60454754609832 36.75917910663543 48287.3
-116.60452242931592 36.759177688635546 48282.9
-116.60449732233948 36.75917629309632 48278.6
-116.60447225673929 36.7591749161492 48272.8
-116.60444724411654 36.7591735511391 48266.4
-116.60442229553476 36.75917218131356 48261.1
-116.60439739980912 36.75917079029323 48256.6
-116.60437254147854 36.75916936732386 48251.5
-116.60434769916913 36.75916791054943 48247.0
-116.60432286373644 36.759166433622426 48243.9
-116.60429800116928 36.75916496522232 48240.3
-116.60427310157245 36.75916352614946 48236.2
-116.60424818307824 36.75916213417292 48232.4
-116.60422322523031 36.75916081370566 48229.9
-116.60419826244654 36.75915956236684 48227.2
-116.6041732995202 36.75915837898053 48224.1
-116.60414834226653 36.75915725473288 48222.4
-116.60412334953104 36.75915617972248 48220.0
-116.60409833520836 36.75915511999804 48217.3
-116.60407330581312 36.75915404678575 48215.5
-116.6040482630634 36.7591529327715 48214.2
-116.604023271635 36.75915174631928 48212.2
-116.60399833525176 36.759150493297845 48211.0
-116.60397346185243 36.75914917643781 48209.5
-116.60394863958824 36.75914780180642 48208.2
-116.60392387377232 36.75914637308267 48206.8
-116.60389910048217 36.75914490750319 48204.7
-116.60387428958758 36.75914341633483 48203.1
-116.6038494227662 36.7591419143415 48201.4
-116.60382447398456 36.75914041915148 48198.8
-116.6037994665076 36.75913894553033 48196.2
-116.60377433107348 36.75913749973199 48194.5
-116.60374931211123 36.75913609551879 48191.8
-116.60372433753282 36.759134723312805 48188.0
-116.60369942931185 36.75913337433971 48185.2
-116.60367458939244 36.75913204421813 48183.0
-116.6036498011563 36.75913072175429 48179.5
-116.60362504924032 36.75912938971513 48174.0
-116.60360031294891 36.75912804005559 48168.8
-116.60357559118307 36.75912666696953 48163.6
-116.60355088017484 36.75912526550516 48159.5
-116.60352621029828 36.75912383389935 48156.4
-116.60350156993952 36.75912238454512 48152.7
-116.60347695477236 36.75912092198418 48148.4
-116.6034523520876 36.75911945119213 48143.9
-116.60342772622384 36.75911797745697 48140.2
-116.60340303491589 36.75911650948176 48137.3
-116.60337824274689 36.759115050126496 48134.6
-116.603353324729 36.759113593001885 48133.0
-116.60332825588137 36.759112125032 48132.4
-116.6033030787646 36.75911064428298 48131.1
-116.60327781826578 36.75910916317879 48130.4
-116.60325251032116 36.75910770586344 48131.2
-116.60322714598364 36.759106312977856 48132.3
-116.60320176435764 36.75910500806973 48133.7
-116.60317638676688 36.759103814256704 48136.0
-116.6031510597849 36.759102737845545 48139.0
-116.60312574685068 36.75910178022741 48142.5
-116.60310048238772 36.75910088968471 48145.3
-116.60307527502547 36.759100027010575 48147.3
-116.60305012465432 36.759099157108416 48149.8
-116.60302507082302 36.75909824476339 48154.0
-116.60300009977892 36.759097271542736 48158.6
-116.60297520962972 36.75909621308412 48161.8
-116.60295035616936 36.75909504268387 48165.0
-116.60292561098916 36.7590937181872 48168.8
-116.60290091570016 36.759092252962 48172.6
-116.60287624164462 36.75909065060805 48176.3
-116.60285153104428 36.75908892441966 48180.1
-116.60282680070804 36.75908709722384 48182.5
-116.60280200966956 36.75908522498697 48184.6
-116.60277715825336 36.759083336224926 48188.2
-116.60275226379464 36.7590814517487 48191.7
-116.60272733621728 36.7590795839971 48194.1
-116.60270239463463 36.75907773729827 48194.9
-116.60267744447104 36.75907591884194 48195.5
-116.60265250001297 36.759074131584384 48196.1
-116.60262756954796 36.75907238081808 48197.7
-116.60260270800724 36.75907066137747 48199.4
-116.60257796164872 36.75906898156676 48197.8
-116.60255338643182 36.75906736085248 48194.5
-116.6025289907676 36.75906584123256 48193.2
-116.602504777091 36.759064430264175 48192.1
-116.60248077255174 36.75906313487626 48192.0
-116.60245701804396 36.75906194894508 48192.0
-116.60243350433564 36.75906086005894 48191.9
-116.60241017382316 36.7590598148982 48191.2
-116.60238694439442 36.759058772435125 48189.9
-116.60236369615347 36.7590576991046 48188.9
-116.60234031225302 36.759056567440894 48188.9
-116.6023167115318 36.75905537851197 48188.0
-116.60229285907091 36.759054133096924 48187.2
-116.60226875493623 36.7590528364278 48187.6
-116.60224441908277 36.75905149519475 48188.3
-116.60221992229414 36.759050132113416 48188.6
-116.60219530158436 36.75904876148664 48187.9
-116.6021705925186 36.75904739821004 48187.7
-116.60214580984488 36.75904605206934 48187.8
-116.60212100325668 36.75904472389903 48188.3
-116.60209620387398 36.75904341042813 48188.6
-116.60207142945112 36.7590421007901 48189.1
-116.6020467021492 36.759040766632175 48189.2
-116.6020220145736 36.7590393782984 48188.6
-116.6019973616431 36.75903791938679 48188.4
-116.6019727300732 36.759036397178974 48188.4
-116.60194815180245 36.75903482833832 48188.1
-116.60192361452852 36.75903323606425 48188.0
-116.60189912795272 36.75903163199305 48188.6
-116.6018747066678 36.75903003132331 48189.1
-116.60185035136736 36.75902846091275 48189.1
-116.60182603265216 36.7590269406532 48188.9
-116.60180172063257 36.75902548800005 48189.4
-116.60177740331048 36.75902411075924 48189.6
-116.60175301171816 36.75902281838352 48189.7
-116.60172857378588 36.75902159338372 48189.2
-116.60170409821583 36.75902043025698 48188.4
-116.60167961220644 36.75901932591236 48188.2
-116.60165509705618 36.75901828895891 48187.8
-116.60163057962608 36.75901730263438 48187.0
-116.60160606940424 36.75901634722289 48185.4
-116.6015815649293 36.75901539186897 48185.1
-116.60155709036788 36.75901437935347 48185.8
-116.60153262920196 36.75901326328045 48184.9
-116.60150816922744 36.75901200999569 48182.3
-116.6014836676584 36.759010602786965 48182.1
-116.6014592105356 36.75900902759994 48184.2
-116.60143475015244 36.75900733489111 48184.2
-116.6014102692997 36.75900555895827 48182.1
-116.60138575438344 36.759003744612016 48180.5
-116.60136116099515 36.75900195042443 48181.9
-116.60133647405506 36.75900021973362 48181.7
-116.60131169073118 36.75899857898192 48180.3
-116.60128685750824 36.75899703997303 48180.6
-116.60126196701216 36.75899561747706 48180.4
-116.60123712447476 36.75899428501816 48180.2
-116.60121240584871 36.75899302674151 48182.2
-116.60118790137112 36.758991828115214 48184.0
-116.60116371132024 36.758990687250495 48185.8
-116.6011398332219 36.75898958964199 48185.4
-116.60111624634892 36.75898852738017 48184.6
-116.6010928846286 36.75898748741689 48185.2
-116.60106964753444 36.75898644288696 48183.7
-116.60104639546016 36.758985364762665 48178.9
-116.60102302817064 36.758984238384194 48177.0
-116.60099945193204 36.758983058066015 48176.9
-116.60097559379152 36.758981820757214 48175.8
-116.60095147442036 36.75898054784989 48174.3
-116.60092710510892 36.75897925136841 48173.7
-116.600902524405 36.75897795179014 48174.2
-116.60087771478952 36.7589766931782 48177.8
-116.60085274266768 36.75897550235684 48180.5
-116.6008276465893 36.75897438136839 48179.9
-116.60080247188256 36.758973311897805 48179.8
-116.60077723748942 36.758972268274206 48181.1
-116.60075199446312 36.75897122439845 48183.8
-116.6007267714796 36.758970163602896 48188.6
-116.6007015876496 36.75896907708493 48193.1
-116.6006764976356 36.75896795537527 48198.6
-116.60065149209623 36.758966800258655 48204.7
-116.6006265656316 36.75896561235682 48210.0
-116.6006016938272 36.758964396616925 48215.4
-116.60057685478614 36.75896315846918 48222.2
-116.60055200688974 36.75896191569407 48231.0
-116.60052713779812 36.758960681098905 48239.8
-116.6005022473969 36.75895946267744 48248.0
-116.60047732705442 36.758958267210176 48256.3
-116.60045239508383 36.758957088877935 48264.2
-116.60042746835624 36.75895591684219 48271.0
-116.600402556886 36.75895473895345 48278.1
-116.60037769697702 36.758953539527695 48285.4
-116.60035288817636 36.75895231645849 48291.3
-116.600328125938 36.75895106785431 48295.1
-116.60030339911536 36.75894979542469 48300.1
-116.60027870840258 36.75894850688953 48303.8
-116.60025402335371 36.75894721848187 48306.2
-116.60022933060624 36.75894593873763 48308.8
-116.60020462889818 36.758944668924144 48311.5
-116.60017990962464 36.758943404415966 48313.5
-116.60015516156876 36.75894214067536 48314.5
-116.60013037487067 36.75894087819504 48314.9
-116.60010555807456 36.75893962540504 48315.0
-116.60008070494648 36.75893839123352 48314.9
-116.60005583569472 36.758937173528174 48314.5
-116.60003096331 36.758935968495685 48313.5
-116.60000609540587 36.75893476713021 48311.4
-116.59998123911085 36.758933554880656 48309.6
-116.59995638559552 36.75893231801633 48308.2
-116.59993153112008 36.75893104211375 48305.4
-116.59990667881443 36.75892972396221 48301.7
-116.59988187266532 36.75892838203326 48298.2
-116.59985711326364 36.7589270556217 48294.8
-116.59983240505376 36.75892576670258 48290.0
-116.59980776094652 36.75892452602166 48283.8
-116.59978316476992 36.7589233353497 48278.3
-116.5997586145894 36.758922166365664 48272.7
-116.59973400048928 36.758920990813245 48266.3
-116.59970948621466 36.75891979701712 48260.5
-116.59968497308422 36.75891854818816 48254.4
-116.59966044204135 36.7589172252874 48246.2
-116.5996358847126 36.75891581206137 48237.3
-116.59961127951576 36.7589143069297 48229.5
-116.59958666853429 36.758912718829166 48222.7
-116.59956203951089 36.75891108557457 48215.9
-116.59953739484996 36.75890942763067 48208.3
-116.59951273986964 36.758907760170985 48200.5
-116.59948807383398 36.75890609881072 48192.3
-116.59946340494088 36.75890445691038 48184.4
-116.59943874294372 36.7589028524346 48176.4
-116.59941410694545 36.75890130039952 48168.6
-116.59938946832288 36.75889980885904 48161.4
-116.59936482136592 36.758898360949296 48155.4
-116.59934014511056 36.758896941552926 48150.1
-116.5993154342142 36.75889553686404 48142.7
-116.5992906848939 36.758894134697535 48134.3
-116.59926590911536 36.75889271926314 48128.6
-116.59924111265993 36.75889128521221 48125.0
-116.5992163069706 36.75888983887164 48121.3
-116.59919150551444 36.758888394735536 48116.7
-116.59916671508915 36.75888696946152 48113.1
-116.59914194227268 36.7588855797109 48110.3
-116.5991172019678 36.75888423869544 48107.5
-116.5990924632088 36.75888296224765 48105.2
-116.59906773009128 36.75888173937038 48103.1
-116.59904299612292 36.75888056289592 48100.5
-116.59901826040044 36.758879425033456 48098.7
-116.5989935014182 36.75887832271062 48097.8
-116.59896873271964 36.758877244681415 48097.0
-116.59894396378488 36.75887619466853 48095.6
-116.59891921815232 36.75887517936173 48094.6
-116.59889449848552 36.75887420528334 48094.7
-116.59886982061116 36.75887325394108 48094.3
-116.59884518802004 36.75887230646136 48092.8
-116.59882059354172 36.75887134641046 48091.6
-116.59879604419925 36.758870359777966 48091.8
-116.59877151613289 36.75886934888384 48092.2
-116.59874700238169 36.75886831270225 48092.5
-116.59872249385536 36.758867252074936 48091.3
-116.59869799676495 36.75886616501804 48089.2
-116.59867349487637 36.75886505731304 48087.1
-116.59864897513948 36.7588639338659 48085.7
-116.5986244137388 36.75886279168032 48084.8
-116.59859979677094 36.758861612512526 48083.4
-116.59857510950384 36.75886038455448 48081.8
-116.59855034246722 36.758859093751845 48080.7
-116.59852547944529 36.75885772963751 48079.2
-116.5985005670562 36.75885628198534 48077.8
-116.59847561975384 36.75885477298257 48077.0
-116.59845065191531 36.75885321984703 48076.7
-116.5984256760762 36.75885164507761 48076.7
-116.59840071205356 36.758850075075244 48076.7
-116.59837577684036 36.75884852920517 48076.7
-116.59835089462683 36.75884701520368 48077.6
-116.5983260983527 36.75884553456891 48078.6
-116.59830140202396 36.75884409362223 48080.6
-116.59827679434444 36.75884268898679 48082.6
-116.59825226346668 36.758841322505376 48084.0
-116.59822780056533 36.758839993866026 48085.5
-116.59820336867656 36.7588386991466 48087.7
-116.59817894737192 36.75883741892916 48090.0
-116.5981545200196 36.7588361371123 48092.8
-116.59813006115824 36.75883483198638 48095.7
-116.59810558077804 36.75883346823965 48098.2
-116.59808107009806 36.758832030383694 48100.3
-116.59805652400136 36.7588305068012 48102.4
-116.59803192764976 36.75882890201372 48104.8
-116.5980073177872 36.75882724194329 48107.3
-116.59798269469422 36.75882557162049 48109.5
-116.59795807650616 36.758823925826256 48111.7
-116.59793349626544 36.75882233505887 48113.5
-116.59790893533818 36.75882082844502 48114.8
-116.59788441137334 36.758819397487486 48116.4
-116.59785991741224 36.75881803252854 48117.1
-116.59783544489092 36.75881671204383 48116.1
-116.59781097684188 36.75881541390194 48114.4
-116.59778651985047 36.75881412438638 48114.2
-116.5977620657626 36.758812852954506 48114.1
-116.59773760207008 36.75881160590952 48112.6
-116.59771309576077 36.75881037366373 48111.5
-116.59768854773264 36.7588091278675 48110.0
-116.59766395127144 36.758807839124536 48108.4
-116.5976392803914 36.75880648579077 48107.1
-116.59761455723212 36.75880505023979 48105.9
-116.59758977154527 36.75880355153249 48105.0
-116.59756493125172 36.75880200474394 48104.3
-116.59754004541396 36.75880042883959 48103.5
-116.597515114366 36.75879884125398 48102.8
-116.59749014051062 36.75879725799423 48102.7
-116.5974651316798 36.758795685395455 48102.1
-116.59744010761877 36.758794124307286 48101.8
-116.59741509016128 36.758792576966606 48102.5
-116.5973901065159 36.75879104561823 48103.8
-116.5973651745105 36.75878953258131 48104.9
-116.5973403068487 36.758788036829415 48105.7
-116.59731551150604 36.75878655902382 48106.8
-116.59729077479528 36.75878510395829 48108.6
-116.5972660829466 36.75878368264312 48110.6
-116.59724143186313 36.758782296261245 48113.1
-116.5972167996506 36.758780943516754 48116.3
-116.59719219103792 36.75877961338806 48119.4
-116.59716761086888 36.75877830672372 48122.5
-116.5971430791248 36.758777025699445 48126.4
-116.59711861061508 36.75877577576037 48130.9
-116.59709421434692 36.75877454752676 48135.7
-116.597069886721 36.75877333232008 48140.6
-116.59704560408748 36.75877212575368 48145.4
-116.59702132897088 36.75877091855984 48150.4
-116.59699702963206 36.75876969765524 48155.5
-116.59697268212273 36.75876845362814 48161.0
-116.59694827089407 36.7587671819468 48167.7
-116.59692380816152 36.75876587684092 48175.5
-116.59689929863704 36.758764536245536 48182.9
-116.59687473445496 36.75876315363972 48189.3
-116.59685007920427 36.75876171888258 48195.7
-116.59682533795836 36.7587602079914 48203.1
-116.59680051257784 36.758758634103295 48210.9
-116.59677562288944 36.75875701697353 48219.9
-116.59675069817042 36.75875538415576 48229.8
-116.59672576758284 36.75875375648938 48240.3
-116.59670085985164 36.75875213559464 48250.6
-116.59667599538784 36.7587505151601 48259.2
-116.5966511843186 36.75874889290724 48267.4
-116.5966264309442 36.7587472785532 48277.8
-116.59660171293164 36.758745680983154 48287.7
-116.5965770190322 36.75874410877867 48297.4
-116.59655236114304 36.7587425726756 48307.1
-116.59652773068996 36.758741087617366 48316.0
-116.59650313799952 36.75873964553607 48324.4
-116.59647858248869 36.75873823713751 48332.4
-116.59645405996436 36.75873684897974 48339.7
-116.59642956252104 36.7587354633022 48346.9
-116.59640507656572 36.758734064196005 48353.7
-116.59638058468224 36.7587326471526 48359.7
-116.59635607137872 36.75873121880536 48366.9
-116.596331526049 36.758729792211774 48375.2
-116.59630696521276 36.75872837997777 48382.8
-116.59628241047818 36.75872698890208 48388.9
-116.59625789210864 36.75872561862215 48393.8
-116.59623343569268 36.75872426944765 48398.2
-116.5962090559521 36.75872293603171 48402.7
-116.59618475493936 36.7587216231034 48406.6
-116.59616052196957 36.758720337223146 48411.1
-116.59613630605328 36.75871908423944 48414.7
-116.59611206059094 36.75871785410299 48416.7
-116.59608773853112 36.758716639053056 48417.7
-116.59606330448538 36.75871543300632 48417.4
-116.59603871989944 36.75871423602237 48418.1
-116.5960140299512 36.758713046878285 48419.7
-116.59598927321828 36.758711868532 48422.0
-116.5959644898121 36.75871070442522 48423.8
-116.59593969748414 36.75870954918338 48425.8
-116.5959149082675 36.75870837825069 48426.1
-116.59589011212356 36.75870716076863 48424.8
-116.59586526546218 36.75870586180916 48424.4
-116.5958403997768 36.758704438113696 48424.8
-116.59581547853963 36.758702902648665 48426.8
-116.5957904851885 36.758701270947526 48428.3
-116.59576539722713 36.75869956911564 48428.7
-116.59574021219116 36.758697832543966 48429.5
-116.59571484001869 36.758696099511226 48431.0
-116.59568950259208 36.758694416256176 48431.6
-116.5956641559479 36.758692798976085 48431.4
-116.59563881738752 36.758691278383125 48432.0
-116.59561354886844 36.75868984844769 48432.5
-116.59558837958645 36.75868850526378 48431.7
-116.59556333857772 36.758687235414406 48430.6
-116.59553843421128 36.75868602481041 48429.9
-116.59551367379936 36.758684844468526 48429.8
-116.59548905839203 36.75868368087925 48430.0
-116.59546457398048 36.75868252232621 48430.7
-116.59544021420518 36.75868135097269 48430.7
-116.59541592045912 36.758680148447965 48430.3
-116.59539165595692 36.75867890181691 48429.7
-116.59536737922312 36.75867760477032 48428.5
-116.59534308996533 36.75867625086087 48427.8
-116.5953187635616 36.75867485360583 48428.6
-116.59529438940926 36.758673418565714 48429.6
-116.59526995366944 36.758671952482295 48428.8
-116.5952454545623 36.758670467304086 48428.0
-116.59522090181297 36.75866899152495 48428.1
-116.59519630604156 36.7586675520458 48428.5
-116.59517169599368 36.75866617134932 48427.8
-116.59514703855868 36.75866487170628 48426.7
-116.59512236961488 36.75866363851362 48425.9
-116.5950976975252 36.75866245607965 48425.9
-116.59507302574924 36.75866130086734 48424.7
-116.59504834756628 36.75866014388006 48423.0
-116.59502365095156 36.75865895993255 48422.1
-116.59499892051886 36.75865773213578 48422.2
-116.59497412984636 36.75865645112545 48421.8
-116.59494929647695 36.758655110238166 48421.4
-116.59492441688047 36.75865373273879 48422.4
-116.5948994967495 36.758652336719024 48422.3
-116.59487455278467 36.75865093973823 48421.6
-116.59484958972024 36.75864956471285 48422.0
-116.59482462232384 36.75864822306559 48422.5
-116.594799660372 36.75864691508605 48422.7
-116.59477471721648 36.75864563319941 48421.7
-116.59474979631312 36.75864436418588 48419.6
-116.5947249066366 36.75864309463815 48417.7
-116.59470005418542 36.758641819668526 48417.0
-116.5946752439764 36.75864054006968 48416.4
-116.59465048788316 36.75863925869976 48416.3
-116.59462577689136 36.758637979519214 48416.2
-116.59460110282208 36.7586367079938 48415.8
-116.59457645362276 36.7586354491144 48415.0
-116.59455179650044 36.7586342060215 48414.7
-116.59452711257832 36.75863297177779 48414.6
-116.59450239076084 36.758631733424856 48413.7
-116.59447762758202 36.758630477609046 48412.8
-116.59445284470604 36.75862918927615 48412.2
-116.594428053577 36.75862786860867 48412.1
-116.59440326564032 36.75862652277424 48412.6
-116.5943784860371 36.75862515941153 48412.3
-116.59435373947991 36.75862378145551 48411.9
-116.59432903239136 36.758622391144606 48411.6
-116.59430436873798 36.75862098679953 48412.0
-116.59427973232847 36.75861956215534 48411.9
-116.59425512174482 36.75861810426187 48411.8
-116.59423050727376 36.75861661031296 48412.8
-116.59420586885165 36.75861508122223 48413.7
-116.59418118807876 36.75861352652522 48413.5
-116.5941564543658 36.75861196537975 48413.7
-116.59413167052035 36.75861042749583 48414.4
-116.59410684763796 36.75860893944037 48414.8
-116.5940820332534 36.75860752265292 48416.7
-116.5940572239272 36.758606199573805 48417.1
-116.5940324650428 36.75860495139284 48415.7
-116.59400776615264 36.75860375751912 48415.4
-116.59398311738312 36.75860258255779 48414.8
-116.59395850938672 36.75860137935305 48413.3
-116.59393390605992 36.75860011893512 48411.4
-116.59390928168963 36.758598793106266 48410.9
-116.59388461142764 36.75859741342364 48410.6
-116.59385989026846 36.758596006368016 48410.0
-116.5938351054068 36.75859461135916 48409.1
-116.59381025690732 36.75859325326529 48408.6
-116.59378536524002 36.758591938855126 48408.9
-116.59376044187069 36.75859065382291 48408.2
-116.59373553329988 36.75858937119093 48407.9
-116.59371065880072 36.7585880747016 48408.4
-116.5936858194466 36.75858674824792 48407.7
-116.59366105111178 36.758585370097286 48406.8
-116.59363633183992 36.758583932627936 48407.1
-116.59361164613408 36.758582428180176 48406.8
-116.59358696217484 36.75858086175939 48406.3
-116.59356228372768 36.75857925072416 48407.4
-116.59353757541304 36.75857762465181 48407.6
-116.59351281798146 36.75857599741887 48407.2
-116.59348800109842 36.75857437536924 48407.4
-116.59346310700948 36.75857275558239 48407.1
-116.59343815180908 36.75857112701453 48405.6
-116.59341314217588 36.758569483221294 48405.0
-116.59338808903355 36.75856782954048 48407.2
-116.59336300171208 36.75856618513938 48409.9
-116.59333789931344 36.75856456326255 48409.8
-116.59331279132653 36.75856296643396 48410.2
-116.59328771155845 36.75856139304605 48410.8
-116.59326272737584 36.758559849263925 48410.5
-116.59323794135082 36.7585583365744 48410.0
-116.59321350568143 36.75855687444607 48409.3
-116.59318967656766 36.758555509424966 48409.4
-116.59316684505912 36.758554359131445 48410.7
-116.59314524385763 36.75855353178992 48412.5
-116.59312515742984 36.75855318597221 48413.7
-116.5931071863345 36.75855347081189 48414.6
-116.5930295174662 36.758612879959344 48419.4
-116.5930292416851 36.75862543195622 48427.3
-116.5930298436486 36.75863897428604 48430.7
-116.5930310942743 36.75865334748629 48433.8
-116.5930327758472 36.758668704217726 48434.7
-116.59303449922888 36.758684673900014 48434.6
-116.59303604691968 36.7587011310773 48434.1
-116.59303730043612 36.75871802016327 48433.8
-116.59303818747996 36.75873508610519 48434.4
-116.5930388716486 36.758752247245255 48435.5
-116.5930394459753 36.7587694363005 48433.7
-116.59303996421816 36.75878661760522 48431.2
-116.59304044226894 36.75880373817963 48426.3
-116.59304089958684 36.75882079912528 48426.6
-116.5930413405964 36.75883779939252 48431.2
-116.59304175663355 36.75885475566714 48432.6
-116.59304212477862 36.75887164613424 48430.8
-116.59304244433032 36.7588884857286 48429.4
-116.59304270992864 36.758905308184445 48431.4
-116.59304292030428 36.75892217386459 48432.5
-116.59304307553204 36.75893912318697 48432.6
-116.59304319649416 36.75895617082062 48433.1
-116.59304329828323 36.758973306070416 48435.7
-116.59304339597504 36.758990505713264 48438.1
-116.593043487482 36.75900772900012 48437.6
-116.59304355085467 36.75902490854494 48435.3
-116.59304358776176 36.75904198298749 48434.0
-116.59304362906674 36.75905889469476 48432.5
-116.5930437526866 36.75907562498493 48432.8
-116.59304399251644 36.75909217990457 48432.9
-116.5930443550576 36.759108544146926 48433.3
-116.59304480957952 36.75912470135011 48433.3
-116.59304528786002 36.759140644817165 48433.4
-116.59304571997296 36.759156412750265 48433.7
-116.59304607150784 36.759172075756 48434.5
-116.59304632717912 36.75918777239103 48434.7
-116.59304646496685 36.759203615205045 48437.0
-116.59304650761489 36.7592197080992 48436.5
-116.5930464615041 36.75923609968775 48435.1
-116.5930463381333 36.75925280660951 48435.7
-116.59304614204515 36.75926978230217 48434.8
-116.59304590822826 36.759286902151786 48434.6
-116.59304567322384 36.75930406450424 48434.8
-116.59304547877008 36.75932116243501 48438.0
-116.59304538220051 36.75933812729573 48440.8
-116.59304538789092 36.75935489496644 48440.9
-116.59304547399611 36.759371389739336 48444.3
-116.5930455834982 36.759387530640446 48445.0
-116.59304560174216 36.759403100979945 48443.5
-116.59304543763884 36.75941809176404 48442.6
-116.59304502186376 36.75943225464554 48439.5
-116.59304431210552 36.75944563031816 48434.4
-116.5930432698588 36.759457831552105 48429.8
-116.59304200205864 36.75946907022115 48426.2
-116.5930405932074 36.759479368132986 48426.0
-116.59303913079052 36.75948880728562 48427.7
-116.59303772082232 36.75949733065151 48427.6
-116.593036429912 36.759505293520256 48427.2
-116.5930353059826 36.75951290117912 48429.3
-116.59303439015974 36.75952025642669 48431.8
-116.59303374107132 36.75952779127286 48433.2
-116.59303336754728 36.75953559549538 48436.0
-116.59303331064685 36.75954383096269 48439.3
-116.59303358399448 36.75955254949154 48443.7
-116.59303423920836 36.75956218846991 48446.5
-116.59303515103343 36.75957255682726 48447.2
-116.59303624537274 36.75958363492418 48445.9
-116.59303745338164 36.75959538402715 48447.0
-116.59303870622456 36.7596077891101 48449.1
-116.59303992169502 36.75962063504639 48449.3
-116.59304102329511 36.75963378928616 48448.0
-116.59304193610213 36.759647171977925 48446.3
-116.59304253339296 36.7596604766096 48444.5
-116.59304284339248 36.75967361469561 48442.2
-116.5930428953411 36.75968649576501 48439.0
-116.59304274717314 36.75969910456291 48437.1
-116.59304247260164 36.75971135628439 48435.9
-116.5930421981844 36.75972345501449 48434.1
-116.59304201504617 36.75973553563141 48435.3
-116.59304199241572 36.75974767940815 48438.1
-116.59304222042796 36.75976017617706 48440.2
-116.59304267233824 36.75977304305077 48442.7
-116.59304331853366 36.75978634812559 48446.8
-116.59304409530644 36.75980012879024 48451.2
-116.59304491700756 36.759814458306025 48450.1
-116.59304568654376 36.759829194792005 48447.7
-116.59304636147397 36.759844270203246 48446.5
-116.59304695440096 36.75985962484594 48445.5
-116.59304749697552 36.759875204832014 48444.8
-116.5930480355274 36.7598909698383 48446.4
-116.59304859099998 36.759906910289466 48449.0
-116.59304916861196 36.759923021159054 48451.1
-116.59304974124636 36.75993930949233 48449.6
-116.59305026694562 36.75995571393595 48446.2
-116.59305072761148 36.759972203038274 48444.6
-116.59305112514944 36.75998876232273 48444.0
-116.59305147403632 36.760005360151645 48442.8
-116.59305181330691 36.760021992269486 48442.7
-116.59305217125566 36.76003865122215 48444.9
-116.59305257010423 36.76005531554918 48445.3
-116.5930530377478 36.76007198883197 48447.5
-116.59305357313669 36.7600886416598 48449.4
-116.59305417757476 36.760105255529645 48451.0
-116.59305484570903 36.760121806256535 48453.3
-116.59305556198912 36.7601383071266 48452.7
-116.59305627430273 36.760154766934185 48451.4
-116.59305693632508 36.7601712136681 48452.3
-116.59305750668167 36.7601877093794 48453.4
-116.593057919339 36.760204239436646 48454.4
-116.59305817812452 36.7602208362437 48452.9
-116.59305829209632 36.76023750780288 48448.3
-116.59305829836477 36.76025427040963 48452.8
-116.59305823791314 36.7602711032237 48460.0
-116.5930581588408 36.76028799677307 48458.0
-116.59305807511628 36.760304932513726 48455.1
-116.5930579984394 36.76032188094429 48450.5
-116.59305795985928 36.76033881730329 48449.6
-116.59305799008648 36.7603557176295 48453.3
-116.59305810762488 36.76037256913161 48457.6
-116.5930583092485 36.760389346676405 48456.0
-116.59305858207776 36.760406064280254 48448.6
-116.59305889102652 36.76042272532345 48446.9
-116.59305923616176 36.76043936045795 48451.5
-116.59305963131082 36.76045600591918 48460.9
-116.59306006619668 36.76047271364812 48463.0
-116.59306046440996 36.76048943814825 48460.6
-116.59306075104716 36.760506106771615 48458.2
-116.59306088927724 36.760522640356726 48455.1
-116.5930608673122 36.76053882270534 48453.6
-116.59306076159652 36.76055465631157 48457.4
-116.59306063286692 36.76057012220927 48461.4
-116.59306053087428 36.76058521372117 48460.3
-116.59306048703324 36.76059994605176 48459.8
-116.59306048247528 36.76061440603768 48459.2
-116.5930604905548 36.76062863332936 48458.9
-116.59306048675865 36.7606426573012 48459.4
-116.59306046359065 36.76065645514447 48457.3
-116.5930604431434 36.76067007479227 48454.7
-116.59306044856748 36.76068354223791 48457.0
-116.59306049875497 36.7606968922014 48461.0
-116.59306061719488 36.76071024028507 48462.6
-116.5930608009554 36.76072368794482 48462.7
-116.5930610471882 36.76073732324336 48464.1
-116.59306134393496 36.760751206087576 48464.6
-116.59306167516657 36.76076542648443 48464.8
-116.59306200970808 36.76077993262414 48464.7
-116.59306232851594 36.76079470449199 48464.6
-116.59306262506593 36.760809715058286 48466.5
-116.59306290276088 36.76082491204204 48467.0
-116.59306317661976 36.760840192372704 48466.5
-116.5930634455929 36.76085547004076 48465.7
-116.59306369429548 36.760870669140566 48464.8
-116.59306389560776 36.76088566817375 48463.9
-116.59306404987538 36.7609004412432 48459.5
-116.59306416481166 36.76091496621903 48455.9
-116.59306425861456 36.76092924466344 48455.6
-116.59306436007276 36.76094328982125 48456.9
-116.59306449318892 36.760957200592514 48460.4
-116.59306466251672 36.7609710473304 48462.8
-116.59306485877208 36.76098489562504 48462.9
-116.59306505613108 36.76099882464912 48464.1
-116.59306521504487 36.761012864308725 48467.0
-116.59306529963972 36.76102702015738 48470.7
-116.59306528144384 36.76104128628632 48471.3
-116.5930651077026 36.76105549153112 48470.8
-116.59306478903656 36.76106950028581 48469.6
-116.59306433001116 36.76108313337489 48467.4
-116.59306372240704 36.7610962734294 48465.0
-116.59306292457248 36.76110858994803 48462.4
-116.59306197304208 36.761120161217086 48457.6
-116.59306091656012 36.76113099112134 48453.2
-116.59305983095824 36.76114113655835 48450.8
-116.59305884309276 36.76115067616349 48450.4
-116.59305806398316 36.76115993098176 48452.6
-116.59305758667716 36.76116912183682 48454.6
-116.59305746531248 36.76117835122093 48459.1
-116.5930577836608 36.761188196129766 48463.6
-116.5930584224704 36.76119861477445 48465.6
-116.59305928806566 36.76120966172226 48465.0
-116.59306027180727 36.76122134401238 48463.7
-116.5930612668447 36.76123364544068 48467.4
-116.59306220891752 36.761246367560574 48471.8
-116.59306307276503 36.76125939661191 48472.8
-116.59306385658483 36.76127263732816 48468.5
-116.59306456873662 36.76128593573205 48465.5
-116.59306525049186 36.761299188279736 48469.9
-116.5930659107082 36.76131229923984 48475.7
-116.59306652270864 36.76132519968439 48475.7
-116.59306697958606 36.76133767667788 48475.0
-116.59306718893238 36.76134965664496 48475.7
-116.59306706139076 36.76136102351493 48473.4
-116.59306652515978 36.76137183869353 48467.5
-116.5930654723482 36.76138162293522 48463.7
-116.59306398386109 36.76139062724239 48462.4
-116.59306211397764 36.76139886378534 48460.9
-116.59305990472144 36.76140652908764 48461.1
-116.59305753733524 36.76141317560646 48461.0
-116.59305512143814 36.761419139970165 48460.6
-116.5930481309968 36.76148643402756 48471.7
-116.5930497689314 36.76149552774771 48477.9
-116.59305154937556 36.761505252813535 48477.1
-116.59305336793504 36.76151536950061 48475.7
-116.5930551357892 36.76152562353252 48474.6
-116.59305680605668 36.76153594203712 48472.3
-116.59305827999567 36.76154609081872 48468.2
-116.59305957428668 36.76155606038419 48462.6
-116.59306070665149 36.761565863490894 48459.2
-116.59306171771298 36.76157559913943 48460.1
-116.59306263456058 36.76158534668576 48462.3
-116.59306351551665 36.761595285465376 48464.9
-116.59306438762287 36.76160554402584 48468.6
-116.59306527108993 36.76161623899585 48471.0
-116.59306617661828 36.76162748613239 48473.6
-116.5930671014216 36.76163922500097 48476.4
-116.59306803432877 36.76165141262576 48476.9
-116.59306895450568 36.761663995652725 48477.6
-116.59306980134215 36.76167684602176 48479.7
-116.5930705150072 36.76168977613807 48479.6
-116.59307102652802 36.76170261332389 48478.6
-116.5930712847161 36.76171524604072 48476.0
-116.59307121359453 36.76172726402972 48471.8
-116.59307088497104 36.76173866109296 48466.7
-116.59307035546249 36.76174935549514 48463.9
-116.59306969973332 36.76175933718192 48462.4
-116.59306899203013 36.76176847957967 48461.8
-116.59306830056052 36.76177706373001 48461.4
-116.59306766318026 36.761785267686726 48461.0
-116.59306710206032 36.761793258445486 48460.3
-116.59306665369186 36.76180138197874 48461.1
-116.59306632888897 36.76180982446798 48465.9
-116.59306616331916 36.761818742967705 48467.5
-116.59306619483716 36.761828191448885 48471.9
-116.59306648626333 36.761838479390704 48476.4
-116.59306698893788 36.7618494275354 48479.5
-116.59306766517712 36.761860975863165 48482.4
-116.59306844458833 36.76187302400046 48481.8
-116.59306921700788 36.761885435008 48480.7
-116.5930698687343 36.76189794259347 48480.3
-116.59307032298268 36.76191035595821 48478.3
-116.5930705314652 36.76192256644396 48474.8
-116.59307042148023 36.76193418255488 48469.6
-116.5930700557414 36.76194520138465 48464.0
-116.59306948657436 36.76195554191112 48461.5
-116.59306878386012 36.76196519824037 48463.1
-116.59306802605998 36.76197400276549 48464.0
-116.5930672982066 36.761982197923935 48465.0
-116.593066666035 36.7619899271258 48466.8
-116.59306619353316 36.76199728823569 48469.1
-116.59306598175868 36.762004748185085 48469.4
-116.59306604981036 36.76201249004304 48469.8
-116.59306643642373 36.76202070915022 48472.0
-116.59306715603614 36.76202946647685 48473.9
-116.59306829233284 36.76203918834536 48476.9
-116.5930697401782 36.762049693456646 48480.4
-116.59307143999663 36.76206096882828 48480.3
-116.59307330773404 36.76207298724835 48479.9
-116.59307521634511 36.762085729013286 48479.4
-116.5930770196628 36.76209899050696 48476.6
-116.5930786297636 36.762112683229326 48474.7
-116.59308001029724 36.76212679888086 48474.5
-116.59308111746084 36.76214118072773 48475.0
-116.5930820371006 36.76215580869518 48474.0
-116.59308281483952 36.76217067094763 48474.3
-116.59308348879868 36.762185795175206 48477.2
-116.5930840721728 36.76220117961737 48479.1
-116.59308459099462 36.76221679949629 48479.5
-116.59308505692267 36.76223262900836 48479.6
-116.59308549031788 36.76224863768429 48477.8
-116.59308592010066 36.76226479925214 48478.7
-116.59308636604804 36.762281055703376 48481.4
-116.59308682219375 36.762297369575165 48482.0
-116.59308725574505 36.76231372290593 48480.9
-116.59308760104362 36.762330048476095 48478.6
-116.59308784627189 36.762346312118325 48475.2
-116.59308801131402 36.76236247104818 48473.7
-116.59308813985764 36.762378486157615 48472.8
-116.593088301876 36.76239433930337 48472.1
-116.59308855578097 36.76241009111678 48470.1
-116.59308893882958 36.76242580393716 48470.7
-116.59308946648824 36.76244152496893 48477.4
-116.59309016657296 36.762457405181344 48480.6
-116.59309099381989 36.762473436876455 48482.5
-116.59309191089126 36.762489625852645 48484.5
-116.5930928667769 36.76250597036312 48480.4
-116.59309379513444 36.76252245084708 48476.2
-116.59309465659346 36.76253900833088 48473.9
-116.5930954324728 36.76255560658456 48473.0
-116.59309611812732 36.76257224062973 48477.2
-116.59309669258414 36.76258886150043 48481.0
-116.59309715911408 36.762605481900536 48482.1
-116.59309749473424 36.76262210907765 48481.2
-116.59309767826277 36.762638793296034 48481.3
-116.59309768411984 36.76265551520036 48481.2
-116.59309757173322 36.76267232844061 48480.0
-116.5930973881818 36.762689227982605 48477.9
-116.5930971863161 36.762706183516286 48475.9
-116.59309703904572 36.76272318130298 48475.6
-116.59309699890404 36.762740194149856 48479.3
-116.59309710053206 36.76275720641063 48481.5
-116.59309735257868 36.762774183521415 48481.8
-116.59309774946036 36.76279116739615 48481.4
-116.59309821169002 36.762808108397294 48479.3
-116.59309867768748 36.7628250023916 48478.9
-116.59309908541456 36.76284189158094 48480.2
-116.5930993650948 36.7628587720968 48478.4
-116.59309951319332 36.76287570272561 48478.0
-116.59309952650185 36.762892712908815 48481.5
-116.59309940999854 36.76290984466294 48481.4
-116.59309915613672 36.76292706046085 48479.5
-116.5930988070161 36.76294435420769 48479.4
-116.59309839561624 36.76296170098231 48480.9
-116.5930979652735 36.76297906222577 48481.1
-116.59309757823696 36.76299640814112 48479.7
-116.59309728486876 36.76301370981719 48478.8
-116.59309713174451 36.76303094227869 48479.2
-116.5930971532852 36.76304805168401 48480.2
-116.5930973990796 36.76306510795904 48477.4
-116.59309782486736 36.76308211121152 48476.3
-116.59309839508616 36.76309909176434 48478.0
-116.59309906014012 36.763116073974814 48480.2
-116.59309976983953 36.76313311655604 48480.0
-116.59310047808408 36.76315022415447 48478.5
-116.59310118626856 36.76316741559309 48478.1
-116.59310190961548 36.76318470115455 48477.8
-116.59310266023849 36.76320210447075 48477.7
-116.59310341808543 36.76321961131074 48475.3
-116.59310415466013 36.763237226504536 48475.5
-116.59310484309276 36.76325497768998 48475.2
-116.59310545296132 36.76327287449455 48475.4
-116.59310599041152 36.76329092412731 48478.1
-116.59310644965268 36.763309126130736 48479.2
-116.59310683063572 36.7633274684448 48476.9
-116.59310713604133 36.76334588243003 48474.4
-116.59310739423182 36.76336432785936 48472.7
-116.59310760843118 36.76338277068119 48470.7
-116.59310777265593 36.76340118122812 48470.4
-116.59310787205348 36.76341947119352 48471.6
-116.59310792297488 36.763437617836445 48471.9
-116.59310794862004 36.763455600327525 48472.3
-116.59310797708228 36.76347341265714 48474.3
-116.5931080459782 36.7634910646267 48478.9
-116.59310817540222 36.763508594972464 48481.3
-116.59310836673444 36.76352601553599 48481.2
-116.5931086029463 36.763543317237854 48481.4
-116.5931088647972 36.763560485578495 48482.4
-116.593109129958 36.76357754316848 48483.0
-116.59310937547396 36.76359451162666 48484.5
-116.59310957382536 36.76361143130152 48485.0
-116.59310968105932 36.76362829222874 48485.8
-116.59310970656162 36.7636451228104 48485.6
-116.59310967487497 36.763661928454894 48484.7
-116.59310962547164 36.763678705098734 48484.2
-116.5931096055372 36.76369545823143 48481.2
-116.5931096531181 36.76371220451764 48481.1
-116.59310978732348 36.76372896454064 48483.7
-116.59311000216752 36.76374575170751 48483.0
-116.59311027390194 36.76376261550244 48482.6
-116.5931105540302 36.76377952361326 48484.8
-116.59311083564572 36.76379642810077 48484.3
-116.59311115228331 36.7638131992159 48483.0
-116.59311162860098 36.76382962930633 48484.5
-116.5931123973836 36.76384550480169 48484.9
-116.59311362588709 36.76386059628712 48479.1
-116.5931742009082 36.76393804472761 48474.2
-116.5931887544064 36.76394012289995 48468.2
-116.59320479258616 36.763941089221646 48467.5
-116.5932222216198 36.76394108974048 48466.0
-116.5932407974846 36.7639403380216 48464.1
-116.59326091713046 36.76393898753545 48464.5
-116.59328202303342 36.76393740729969 48465.5
-116.59330393908736 36.76393579391184 48464.3
-116.59332651652524 36.76393428041053 48462.3
-116.59334939023196 36.76393300035456 48461.1
-116.59337223485072 36.7639319179795 48460.2
-116.59339473331067 36.76393095785464 48459.0
-116.59341645798531 36.76392999714994 48456.6
-116.59343691218469 36.76392880201274 48453.5
-116.59345586192563 36.76392719390956 48451.6
-116.59347304661884 36.763924986778825 48452.9
-116.59353073774152 36.76385702867446 48456.1
-116.59352868588633 36.763842464976456 48465.5
-116.59352589751332 36.76382692707484 48461.4
-116.5935226948604 36.763810532528325 48457.2
-116.59351934317768 36.76379333045106 48455.3
-116.5935161165157 36.763775372436335 48455.3
-116.59351314068614 36.76375683990357 48455.5
-116.5935104709194 36.763737839097374 48455.4
-116.59350810635108 36.763718461572815 48454.6
-116.59350608705884 36.76369897652618 48453.4
-116.59350430178624 36.7636795048342 48452.5
-116.593502701515 36.76366015349616 48452.1
-116.59350124444634 36.7636409836212 48452.5
-116.5934999364164 36.763622134163406 48452.1
-116.593498757897 36.7636035859121 48451.7
-116.59349772082236 36.763585354982105 48451.9
-116.59349684462532 36.763567387825766 48451.9
-116.5934962038618 36.76354973066897 48452.3
-116.59349578863991 36.76353223101008 48452.9
-116.59349560112456 36.763514802280255 48453.8
-116.59349562336963 36.76349732361689 48454.7
-116.59349585215983 36.76347976554206 48455.1
-116.5934962056778 36.76346203743383 48455.8
-116.59349663746266 36.76344410165055 48456.7
-116.593497102164 36.763425945260565 48457.2
-116.5934975523562 36.76340753171299 48457.3
-116.59349795422555 36.7633889041068 48456.9
-116.59349828629676 36.76337007326655 48456.2
-116.59349853651167 36.763351060157056 48456.6
-116.59349869547492 36.763331815317926 48457.2
-116.59349879226616 36.76331240797476 48457.0
-116.59349883435917 36.76329287062464 48456.7
-116.59349881944736 36.76327325625058 48455.7
-116.59349872226409 36.76325358197349 48454.7
-116.59349854623412 36.76323390265343 48454.4
-116.59349829009687 36.7632142414844 48454.9
-116.59349796183608 36.7631946208118 48455.0
-116.59349757696508 36.7631750197068 48455.3
-116.5934971721844 36.763155432460174 48455.2
-116.59349677237122 36.76313585519466 48454.9
-116.59349640070172 36.76311627777114 48455.3
-116.5934960908538 36.76309671904392 48454.4
-116.593495846853 36.763077169038894 48453.8
-116.59349566881484 36.76305762642621 48454.3
-116.59349554360668 36.76303808475518 48454.4
-116.59349545253647 36.76301855539876 48454.8
-116.59349536689214 36.762999029250814 48454.9
-116.59349527201348 36.762979504053945 48455.3
-116.59349516250998 36.7629599833184 48455.8
-116.59349504087132 36.76294047715472 48456.2
-116.5934949239066 36.762921000083 48456.0
-116.59349482454536 36.76290155992325 48455.7
-116.59349474679732 36.76288215818597 48455.7
-116.59349468209636 36.76286279249773 48455.9
-116.59349460844663 36.76284342745739 48455.9
-116.59349451022536 36.76282403798536 48455.9
-116.59349438168094 36.76280461217404 48455.3
-116.59349421191204 36.76278512444883 48454.9
-116.59349399613052 36.76276558620645 48455.4
-116.59349372586011 36.76274600436045 48455.0
-116.59349340038511 36.76272639243987 48455.2
-116.59349302141015 36.76270673423596 48455.8
-116.59349261832776 36.76268704658487 48455.9
-116.59349221377128 36.762667321456256 48455.3
-116.59349182036108 36.7626475523727 48454.5
-116.59349144544863 36.762627743077694 48454.1
-116.59349108719402 36.762607913954575 48454.2
-116.59349074779756 36.76258808499663 48454.4
-116.59349042841488 36.762568270228485 48454.0
-116.59349012901556 36.762548498197646 48453.5
-116.59348983766668 36.762528767018125 48454.0
-116.59348953681116 36.762509073976254 48454.7
-116.5934892121276 36.762489411016 48454.9
-116.59348885481948 36.76246974448941 48455.6
-116.59348847812826 36.76245006634724 48455.8
-116.59348809337774 36.76243037691487 48455.7
-116.59348770837576 36.76241068124969 48454.7
-116.5934873262632 36.76239098256786 48454.0
-116.59348694279988 36.76237127440696 48454.0
-116.59348655640292 36.76235155313236 48454.1
-116.59348616758996 36.76233182720668 48454.2
-116.59348577846546 36.762312111087205 48454.3
-116.59348538928404 36.76229240992387 48454.1
-116.59348500163036 36.762272720448735 48454.0
-116.59348461757288 36.76225303467598 48453.8
-116.59348424656082 36.76223335734248 48453.6
-116.59348389493132 36.76221369573049 48453.8
-116.59348357012688 36.76219405742064 48453.5
-116.59348327560186 36.76217443518126 48452.8
-116.59348301747094 36.76215483140149 48453.1
-116.5934827856884 36.76213522403536 48453.8
-116.5934825715264 36.76211560185583 48453.6
-116.59348236764372 36.76209595684258 48453.3
-116.59348216871835 36.762076285550975 48453.4
-116.59348196968637 36.76205659014249 48453.6
-116.59348176800452 36.76203687085694 48453.3
-116.59348155828 36.76201713913253 48452.4
-116.59348132097706 36.761997393373 48451.8
-116.59348104557095 36.76197764024237 48452.0
-116.59348072929212 36.76195788308599 48452.3
-116.59348038201448 36.76193813061545 48451.9
-116.59348002904802 36.76191839254141 48450.0
-116.59347970556276 36.76189867999604 48448.2
-116.59347943187424 36.76187899553474 48447.5
-116.59347921733313 36.761859326850576 48447.4
-116.59347906910884 36.76183968986894 48449.2
-116.59347896187958 36.76182005884736 48450.3
-116.59347887687224 36.76180042023113 48450.1
-116.59347879638403 36.76178076919079 48450.4
-116.59347870444664 36.76176109859573 48450.5
-116.5934785886635 36.76174141099212 48450.0
-116.59347843818504 36.76172170296815 48449.8
-116.59347824926442 36.76170197948701 48449.7
-116.59347801306198 36.76168221993546 48448.5
-116.59347773497248 36.761662432241216 48448.2
-116.59347741139356 36.761642621305725 48448.7
-116.59347703921745 36.76162280072641 48448.9
-116.59347661686776 36.76160296026847 48448.4
-116.5934761673538 36.76158312681028 48447.7
-116.59347569882796 36.761563313528 48447.2
-116.59347521860516 36.761543526394185 48447.5
-116.59347474799476 36.76152377488196 48447.5
-116.59347430086764 36.761504053757605 48447.0
-116.59347388038351 36.76148435294462 48447.1
-116.59347348993356 36.76146465274181 48447.2
-116.59347314735126 36.76144494908274 48446.6
-116.5934728518616 36.76142522415142 48445.6
-116.5934726005846 36.761405473687134 48445.4
-116.59347238105389 36.761385697881884 48445.3
-116.59347218698026 36.76136591089631 48445.1
-116.59347201489912 36.76134611793694 48445.3
-116.59347187125304 36.76132632330151 48445.3
-116.59347175695508 36.761306521461776 48444.8
-116.59347166929317 36.76128670210567 48444.4
-116.59347159536192 36.761266844675646 48443.9
-116.59347153061316 36.7612469428752 48443.8
-116.5934714726584 36.76122691359454 48444.0
-116.59347143046274 36.76120691743833 48443.7
-116.593471417294 36.761186900755085 48443.0
-116.59347143581168 36.7611668862185 48442.6
-116.5934714723562 36.76114689554628 48442.3
-116.59347150205384 36.76112695377062 48442.1
-116.59347150546375 36.7611070674046 48441.9
-116.59347146804568 36.761087243756734 48441.5
-116.5934713821488 36.76106748708766 48441.5
-116.59347124552096 36.761047767655946 48441.4
-116.59347108278514 36.76102806113761 48440.9
-116.5934709147552 36.76100834139338 48440.4
-116.59347075759372 36.76098858944786 48439.8
-116.5934706137954 36.76096880545558 48439.0
-116.5934704620594 36.76094900336789 48438.9
-116.59347027144956 36.76092918968428 48438.8
-116.59347000535054 36.76090937903607 48438.9
-116.59346960668752 36.76088952163655 48439.2
-116.59346907526744 36.76086962893159 48439.5
-116.59346842374732 36.76084969932819 48439.6
-116.59346768829876 36.76082974738208 48439.0
-116.59346691861192 36.76080978215604 48438.2
-116.59346617966584 36.76078985604936 48438.4
-116.5934655148294 36.76077000619304 48437.5
-116.59346494985932 36.76075024149027 48434.3
-116.59346450702732 36.76073061411509 48432.9
-116.59346415223754 36.76071105982796 48434.4
-116.59346387413191 36.76069154426888 48435.2
-116.59346365707972 36.760672027936494 48435.1
-116.59346348565016 36.76065248880437 48435.0
-116.59346333235736 36.76063289796114 48434.5
-116.59346318118284 36.76061324237227 48434.5
-116.59346301937065 36.76059351930292 48434.2
-116.59346282723882 36.76057371161579 48434.0
-116.59346259523804 36.760553846297455 48433.1
-116.59346231564692 36.760533947872496 48432.3
-116.59346199124816 36.76051405210209 48432.3
-116.5934616356502 36.76049418846768 48431.9
-116.5934612773139 36.76047438718058 48429.7
-116.59346092417772 36.760454656997055 48428.3
-116.59346056321873 36.76043499403943 48428.8
-116.59346016808038 36.76041536844678 48429.6
-116.59345973137272 36.76039574934876 48429.1
-116.59345925015728 36.76037611927312 48427.4
-116.5934587260812 36.76035647722633 48426.4
-116.59345815739488 36.76033680433555 48426.4
-116.59345756727052 36.76031710817568 48427.0
-116.59345697597352 36.76029738894797 48426.4
-116.59345639592428 36.760277647960194 48425.2
-116.59345583945272 36.760257904802366 48424.6
-116.59345531176253 36.76023817105007 48424.1
-116.59345482524748 36.76021845555727 48423.6
-116.5934543957026 36.760198748314096 48422.2
-116.59345405395804 36.76017908210756 48422.0
-116.5934538094456 36.76015945434187 48423.0
-116.5934536839058 36.76013987959478 48422.5
-116.59345368695064 36.76012034543344 48422.0
-116.59345383570312 36.76010090737538 48421.9
-116.59345408846715 36.76008151621763 48422.4
-116.59345442329122 36.76006214928623 48422.9
-116.59345480928909 36.7600427777207 48422.7
-116.593455202174 36.76002336770984 48421.6
-116.5934555505577 36.76000389208837 48420.9
-116.59345581328752 36.75998433538143 48422.1
-116.59345596221677 36.75996471139394 48423.5
-116.59345596106763 36.759944957342846 48422.7
-116.59345584970691 36.759925108441294 48422.6
-116.59345566175688 36.75990516325271 48423.1
-116.5934554295032 36.759885125381295 48422.6
-116.59345517871677 36.75986498883466 48420.9
-116.59345492532618 36.75984480551592 48419.5
-116.59345467483476 36.759824644163366 48418.5
-116.59345442802994 36.75980463575133 48417.6
-116.5934541631851 36.75978508678936 48417.7
-116.59345385244978 36.759766285009405 48418.4
-116.59345347013868 36.759748619468176 48416.0
-116.5934530007506 36.75973256145542 48409.2
-116.59351895192783 36.75963609189496 48403.3
-116.59352945529947 36.75963260262908 48409.5
-116.59354032490673 36.75962930832234 48410.3
-116.59355161805904 36.75962619038408 48410.5
-116.5935629975043 36.759623399394286 48410.5
-116.59357450517152 36.75962086082946 48410.9
-116.59358608840576 36.75961857503278 48411.4
-116.59359780428368 36.75961650517832 48411.0
-116.59360938861644 36.75961469404308 48410.5
-116.59362093432196 36.75961302989664 48410.0
-116.59363242514216 36.759611463441125 48409.3
-116.59364385135224 36.75960995059408 48408.8
-116.59365518676772 36.75960846067827 48408.7
-116.59366646872708 36.75960696867951 48408.9
-116.59367771279368 36.759605471614655 48409.0
-116.59368893719112 36.759603974012606 48409.0
-116.59370012369688 36.759602492339376 48408.9
-116.59377852240893 36.75956314727457 48408.0
-116.59378276950184 36.75956236414751 48406.4
-116.59378724775011 36.75956151583559 48405.8
-116.59379197904256 36.759560579288085 48405.4
-116.59379683163232 36.75955957963955 48405.0
-116.5938017545746 36.75955852455932 48404.8
-116.59380668027704 36.75955743359691 48404.6
-116.5938116313874 36.7595563050288 48404.2
-116.5938165341758 36.75955517360352 48404.1
-116.59382137131983 36.759554050826445 48404.2
-116.59382614066251 36.7595529447202 48405.0
-116.59383081633628 36.75955187046806 48405.1
-116.59383535481984 36.75955084028352 48404.4
-116.59383981373858 36.75954983814003 48404.0
-116.59384421282184 36.75954885587513 48403.9
-116.5938485586296 36.75954789874712 48403.5
-116.59385291556066 36.759546960163725 48403.6
-116.59385733511644 36.759546046575856 48404.6
-116.5938619770296 36.759545147042 48405.1
-116.59386667726508 36.759544345717465 48404.5
-116.59387152341895 36.759543627973294 48404.2
-116.59387652602696 36.75954300022583 48404.9
-116.59388182966066 36.75954244655608 48405.8
-116.59388717901552 36.759542025446656 48405.9
-116.59389267671108 36.75954169962336 48405.5
-116.5938983156766 36.75954147092445 48405.6
-116.59390420400464 36.75954133348706 48405.7
-116.59391019698872 36.75954130813816 48405.4
-116.59391648191348 36.759541354904805 48405.4
-116.5939231769884 36.75954145407545 48405.5
-116.59393039865536 36.759541576179934 48406.3
-116.5939385137335 36.75954166909498 48407.2
-116.59394748734324 36.75954168287052 48408.3
-116.59395757461688 36.759541570850494 48409.8
-116.5939687837014 36.75954129615171 48411.4
-116.59398156379562 36.75954077847791 48412.3
-116.59399564090889 36.75954004167109 48411.6
-116.59401097454683 36.75953909367046 48410.8
-116.59402746297891 36.759537958216505 48410.6
-116.59404522366276 36.7595366268787 48410.9
-116.59406393627124 36.75953515458873 48411.1
-116.59408350389415 36.759533555713936 48411.5
-116.59410383308725 36.75953183849328 48411.9
-116.59412498725008 36.75952997862059 48411.7
-116.59414680297708 36.75952798483727 48412.2
-116.59416928032148 36.75952583682256 48413.8
-116.5941924143549 36.75952351781076 48415.5
-116.59421638014622 36.759520983228064 48415.8
-116.5942410184258 36.7595182658458 48415.5
-116.59426628253404 36.759515360202 48416.0
-116.59429207839632 36.7595122649746 48416.6
-116.59431856456578 36.75950891697919 48416.4
-116.59434523456537 36.75950538453268 48416.1
-116.5943723502783 36.759501618955404 48416.8
-116.5943997347371 36.759497636014586 48417.1
-116.59442750306351 36.75949340040079 48417.7
-116.59445558911966 36.75948898174386 48418.3
-116.59448401801696 36.75948441997453 48417.3
-116.59451280576572 36.7594797620874 48415.1
-116.5945419987198 36.75947505393548 48414.7
-116.59457152725676 36.75947034347991 48416.2
-116.59460137576738 36.759465649145454 48418.0
-116.5946315300429 36.75946096685614 48418.8
-116.59466194878122 36.75945629003416 48418.3
-116.59469251714624 36.75945160223305 48417.6
-116.59472314455851 36.75944689200183 48417.0
-116.594753736104 36.75944215486216 48416.9
-116.59478422080043 36.75943738350846 48416.8
-116.59481456543708 36.75943258877994 48416.4
-116.59484476109245 36.759427774986 48415.8
-116.59487481454312 36.75942294264892 48416.3
-116.59490488935312 36.75941806628977 48417.1
-116.59493469888308 36.759413216839455 48417.7
-116.59496468671956 36.75940835521895 48418.1
-116.59499485414663 36.7594035318372 48418.5
-116.59502528860408 36.759398824773946 48418.7
-116.5950560407662 36.75939427122939 48418.6
-116.59508714428053 36.75938991445284 48418.8
-116.59511866360704 36.759385772207885 48418.8
-116.59515051399347 36.7593818962492 48418.6
-116.59518264211496 36.7593782143518 48418.9
-116.59521497413172 36.759374681130005 48419.4
-116.59524743050936 36.759371247829016 48419.9
-116.59527986755664 36.75936788466765 48419.9
-116.59531220993942 36.7593645476786 48420.4
-116.5953445284126 36.75936121456071 48420.8
-116.59537652541404 36.75935791271644 48420.9
-116.59540827792614 36.759354638544814 48421.4
-116.5954398117744 36.75935139300683 48422.2
-116.59547113121384 36.75934818035535 48422.7
-116.5955022455974 36.759345005339846 48423.2
-116.59553311928263 36.75934188028724 48423.5
-116.59556376877852 36.75933879995148 48423.7
-116.59559414351008 36.75933575999375 48423.4
-116.595624143078 36.75933275453991 48423.2
-116.59565356592196 36.75932977535802 48423.3
-116.5956823356312 36.759326803382734 48423.1
-116.59571032336514 36.75932381504354 48423.0
-116.59573736587096 36.759320786871726 48423.7
-116.59576334831976 36.75931766209731 48424.5
-116.59578838111196 36.75931443932066 48425.5
-116.59581252986747 36.7593111160024 48426.9
-116.5958358664266 36.75930771572217 48427.9
-116.59585857307847 36.759304252280536 48428.6
-116.59588088465256 36.75930078988469 48429.8
-116.5959029564451 36.75929737083927 48431.4
-116.59592496090542 36.759294022013066 48432.8
-116.5959469804567 36.7592907958245 48434.2
-116.59596913389036 36.75928768334566 48434.9
-116.59599149117824 36.7592846833254 48435.8
-116.59601414764636 36.75928178245078 48437.6
-116.59603720981924 36.75927898271267 48439.3
-116.59606040860866 36.75927628297328 48440.4
-116.5960840256743 36.75927363052392 48441.1
-116.5961079809182 36.7592710097609 48442.4
-116.5961322802823 36.759268398923965 48443.9
-116.59615686904442 36.75926576969421 48444.4
-116.59618171996156 36.75926310291186 48444.6
-116.59620679237077 36.75926038000071 48445.5
-116.59623207141236 36.759257573558784 48445.6
-116.59625743176068 36.75925469092528 48444.2
-116.59628278823122 36.75925172871201 48443.4
-116.59630801835664 36.75924868663478 48443.3
-116.59633304956148 36.759245539181045 48442.8
-116.59635782724985 36.75924229471108 48442.2
-116.59638233868492 36.75923894843814 48440.9
-116.59640657076004 36.75923551073024 48439.4
-116.59643060827676 36.75923198074752 48437.6
-116.59645453367756 36.75922840802243 48435.8
-116.5964784413556 36.75922482294735 48434.1
-116.59650244469492 36.75922125217682 48431.8
-116.5965267209582 36.759217717214895 48429.2
-116.59655101895235 36.75921426180771 48426.5
-116.5965756513002 36.75921084396825 48423.1
-116.59660053914044 36.75920746842716 48418.7
-116.59662565250268 36.7592041346943 48413.8
-116.5966509450368 36.759200811906176 48409.4
-116.59667638829195 36.75919747677848 48404.1
-116.59670193219226 36.75919410646974 48398.2
-116.5967275500767 36.75919065027946 48391.4
-116.59675314485553 36.75918707530787 48383.9
-116.5967786044797 36.759183337914415 48375.4
-116.59680368987182 36.75917940374556 48365.3
-116.59682828977004 36.75917515043348 48355.7
-116.59685223763093 36.759170590924 48346.4
-116.59687543346529 36.75916569979447 48338.4
-116.5968976889918 36.75916050382087 48331.3
-116.59691917468705 36.759154891082304 48323.5
-116.59693994156234 36.7591489875574 48315.7
-116.59696008230296 36.75914285216649 48307.9
-116.59697966462944 36.7591365812727 48299.8
-116.59699897902452 36.75913020935974 48292.0
-116.5970179430748 36.75912395300166 48285.2
-116.59703692028684 36.75911782482535 48279.8
-116.59705606985348 36.759111894542144 48274.1
-116.59707539190336 36.759106345633214 48268.1
-116.59709507573976 36.759101155131646 48262.5
-116.59711523750076 36.75909634688411 48256.6
-116.59713612327712 36.7590918960172 48250.6
-116.5971576044357 36.75908792341582 48243.7
-116.59717975526064 36.75908431288235 48236.4
-116.59720257213944 36.75908104020317 48229.2
-116.59722612589825 36.75907805773917 48221.8
-116.5972502715906 36.75907537721432 48214.6
-116.59727495398396 36.75907287640781 48207.3
-116.59730010993188 36.75907048886259 48199.6
-116.59732567817676 36.75906814922346 48192.4
-116.59735160950324 36.75906579060231 48185.1
-116.59737780285283 36.759063358610334 48177.9
-116.5974042159472 36.75906081737845 48171.1
-116.59743079296688 36.759058147754274 48164.3
-116.5974576987149 36.7590552972172 48157.6
-116.59748453791572 36.75905232606484 48150.9
-116.59751163921187 36.759049206718686 48145.2
-116.59753891191131 36.759045971793206 48139.9
-116.59756645140472 36.75904264879763 48133.4
-116.59759422403808 36.759039299957806 48126.2
-116.59762223893097 36.7590359637664 48119.8
-116.59765053008132 36.7590326774512 48115.1
-116.597679063311 36.75902950562062 48113.6
-116.59770777674407 36.759026462640726 48113.4
-116.59773659935163 36.759023564609336 48112.9
-116.59776548371536 36.759020803755696 48110.9
-116.59779429251756 36.75901818218407 48109.6
-116.5978229980576 36.75901564749884 48109.7
-116.5978515671362 36.759013171362895 48109.4
-116.59787998243912 36.75901072958892 48109.3
-116.597908214011 36.75900830528302 48109.5
-116.59793629476567 36.759005881882686 48110.9
-116.5979642432692 36.75900345054789 48112.4
-116.597992092191 36.759001011110726 48113.6
-116.59801999323116 36.75899856568208 48115.1
-116.59804766697376 36.758996163302 48116.0
-116.59807549447028 36.758993796592925 48115.8
-116.59810342682977 36.75899149126192 48115.6
-116.59813147631918 36.75898926331374 48115.2
-116.59815965403618 36.758987083336336 48115.2
-116.59818795422468 36.758984928489134 48115.4
-116.59821635767791 36.75898277879233 48114.4
-116.5982448423603 36.75898061768877 48112.8
-116.59827337011612 36.7589784435214 48110.6
-116.59830190760374 36.75897626522954 48107.7
-116.59833039492158 36.758974097176285 48104.9
-116.59835873434076 36.758971954130764 48102.3
-116.5983868829762 36.758969836185294 48099.9
-116.59841478203856 36.75896774060097 48096.8
-116.5984423677336 36.75896565668362 48093.5
-116.59846956418224 36.75896356519056 48091.4
-116.59849640880368 36.758961456619865 48090.5
-116.59852292077282 36.75895932194469 48089.1
-116.59854912494929 36.75895715473852 48087.7
-116.59857518583168 36.75895493155701 48087.6
-116.59860088191036 36.758952684360565 48088.0
-116.59862658105664 36.75895038775016 48087.3
-116.59865220880909 36.75894804870817 48085.1
-116.59867781707298 36.75894564263155 48084.3
-116.598703379312 36.75894316886708 48085.7
-116.59872885416236 36.758940613536446 48086.7
-116.59875415354868 36.75893796646647 48086.1
-116.59877925779476 36.758935181998005 48085.0
-116.5988041183748 36.7589322662401 48085.1
-116.59882872367317 36.75892921914232 48086.4
-116.598853082616 36.75892606292613 48087.2
-116.59887732005586 36.7589228250076 48087.2
-116.59890155084632 36.75891958635435 48088.0
-116.5989258976172 36.75891641265519 48088.9
-116.59895054349808 36.75891336311854 48089.3
-116.59897552616466 36.7589105557388 48089.7
-116.59900090579272 36.75890801116467 48089.4
-116.5990267104872 36.75890576170973 48089.3
-116.59905303195744 36.75890381008999 48089.3
-116.5990798607776 36.75890219546337 48089.7
-116.59910685571307 36.758900852550056 48091.2
-116.59913429666322 36.75889972992268 48093.2
-116.5991620713891 36.75889879154701 48095.2
-116.59919009403114 36.75889801944916 48097.6
-116.5992183450344 36.75889734963428 48099.8
-116.59924681683344 36.75889676054087 48101.4
-116.5992755287134 36.75889623177128 48104.5
-116.59930451129296 36.75889572758991 48110.0
-116.59933374101873 36.75889518832618 48116.3
-116.5993631998564 36.758894558334426 48123.2
-116.59939283172038 36.758893791311806 48130.2
-116.59942270685676 36.7588928335236 48136.6
-116.59945273613432 36.75889172259237 48143.7
-116.59948289330724 36.758890484465375 48151.6
-116.5995131423038 36.758889148855374 48159.1
-116.59954348716784 36.758887747991054 48167.8
-116.59957385750528 36.75888633355176 48177.2
-116.59960420565768 36.7588849303796 48186.7
-116.59963447792056 36.75888355004892 48195.9
-116.59966473128408 36.75888218462702 48204.6
-116.59969475215657 36.758880831036166 48214.0
-116.59972470119013 36.75887948340336 48224.4
-116.59975465793433 36.75887815082827 48234.3
-116.59978473243105 36.75887685653302 48242.5
-116.59981501766453 36.75887562049331 48250.4
-116.59984559150794 36.7588744745573 48257.3
-116.59987654599624 36.75887345045526 48263.7
-116.59990788845693 36.75887259585459 48269.5
-116.59993959023016 36.75887190804005 48274.9
-116.5999716339162 36.75887140922601 48280.4
-116.60000406776372 36.758871113206 48285.9
-116.60003686359424 36.75887105503391 48289.4
-116.60006999391167 36.75887119119928 48291.5
-116.60010341874118 36.7588714971286 48294.3
-116.6001371129894 36.758871942428485 48296.6
-116.60017101057454 36.75887251201484 48297.6
-116.600205093789 36.758873162512266 48298.5
-116.60023936976836 36.758873874468335 48299.0
-116.600273843541 36.75887462703728 48297.7
-116.60030851325024 36.75887538649811 48294.8
-116.60034330317256 36.75887611633439 48291.7
-116.60037812987484 36.75887678649772 48288.9
-116.60041284500404 36.758877358512336 48284.2
-116.60044729216968 36.758877759236896 48277.0
-116.6004813093806 36.75887796070655 48268.1
-116.60051474205004 36.75887790878107 48257.7
-116.60054733772004 36.75887754878796 48245.9
-116.60057896035596 36.7588767748358 48234.4
-116.60060960286737 36.75887561936084 48224.9
-116.60063925860725 36.75887408398896 48217.1
-116.6006678678077 36.75887219895644 48209.9
-116.60069558685764 36.75886996384833 48202.3
-116.60072259954404 36.7588675167635 48195.3
-116.6007490801369 36.75886494125063 48189.7
-116.60077524864096 36.758862322437736 48185.7
-116.6008013422968 36.758859769731046 48182.2
-116.60082758876504 36.758857366457775 48179.5
-116.60085415550144 36.75885517585501 48176.7
-116.6008812470847 36.758853235246974 48174.2
-116.6009089810114 36.75885159994152 48171.8
-116.60093702682197 36.75885021886984 48169.1
-116.60096568740246 36.758849044904046 48167.0
-116.60099483878562 36.75884805712743 48165.2
-116.60102435783548 36.75884727052673 48163.8
-116.60105415352454 36.75884664114645 48163.5
-116.6010841755228 36.758846156149154 48163.3
-116.6011144183148 36.75884579826931 48162.2
-116.6011448385698 36.75884554942176 48160.8
-116.60117541125392 36.758845351961135 48160.2
-116.60120609402183 36.75884517264952 48160.7
-116.6012368097006 36.758844982962586 48162.0
-116.60126747538288 36.75884474325556 48163.2
-116.60129801348953 36.75884442667794 48163.7
-116.60132837171984 36.75884400695514 48164.3
-116.60135847175732 36.75884347079327 48165.6
-116.6013882497466 36.75884280500492 48167.0
-116.60141763819756 36.75884204124404 48168.4
-116.60144660616912 36.75884118552142 48170.2
-116.60147513014113 36.75884024055716 48172.6
-116.6015033694444 36.758839184674486 48174.6
-116.60153110072164 36.758838047728304 48176.2
-116.60155874562332 36.75883682056224 48178.6
-116.60158626477138 36.758835519695374 48181.0
-116.60161376154468 36.75883416214151 48183.1
-116.60164127091876 36.75883278751428 48184.9
-116.60166880641248 36.758831415542645 48185.9
-116.60169636176228 36.758830050981125 48186.5
-116.60172391926328 36.75882867560709 48187.7
-116.60175145517736 36.75882726087751 48189.3
-116.60177894102608 36.75882578171295 48190.2
-116.60180632654638 36.75882422335005 48190.6
-116.60183360229227 36.75882256144405 48190.4
-116.6018607176364 36.75882080104257 48189.1
-116.6018876243953 36.75881893107218 48187.4
-116.60191423755197 36.75881694685658 48186.2
-116.60194054957536 36.75881482035513 48186.0
-116.6019665513392 36.75881257929251 48186.1
-116.60199224675908 36.7588102304564 48185.8
-116.60201761641704 36.758807782791486 48184.7
-116.60204279692164 36.75880522844324 48183.6
-116.60206750761436 36.75880265764437 48182.8
-116.60209205324172 36.75880008535464 48181.8
-116.60211638777028 36.75879756255401 48181.1
-116.60214054944036 36.758795142356895 48180.8
-116.60216467180084 36.75879283459503 48180.0
-116.60218882209082 36.75879066029414 48178.4
-116.60221309638736 36.75878862891248 48177.1
-116.60223749781495 36.75878677796021 48176.3
-116.60226211374744 36.75878508416909 48175.6
-116.6022869917726 36.758783553905815 48174.4
-116.602312215823 36.75878219386385 48172.7
-116.60233773023688 36.758781044415976 48171.2
-116.60236351714306 36.758780074132055 48170.3
-116.60238954078316 36.758779274449104 48170.0
-116.6024158000826 36.75877862342743 48169.4
-116.60244223897348 36.75877809819038 48168.9
-116.6024688670609 36.75877763613099 48169.1
-116.60249569125298 36.758777204110736 48170.0
-116.60252269861024 36.75877677614484 48170.3
-116.60254997476648 36.75877632061552 48169.6
-116.60257710099668 36.75877582186874 48169.6
-116.6026043303166 36.75877525502453 48170.8
-116.6026314644888 36.75877460942517 48172.1
-116.602658461155 36.758773871574384 48172.9
-116.60268528714916 36.758773058361534 48173.3
-116.60271194803856 36.75877217469078 48174.1
-116.60273846453816 36.75877123269007 48175.2
-116.60276488585956 36.75877025285363 48176.4
-116.60279123417128 36.758769279287726 48177.3
-116.60281753023628 36.75876834056783 48177.8
-116.60284381677612 36.7587674540108 48178.4
-116.60287009143396 36.75876664028724 48178.5
-116.60289638631284 36.758765880342246 48178.2
-116.60292269600068 36.7587651513828 48177.6
-116.60294899669128 36.75876442277554 48177.0
-116.60297529718672 36.75876365732913 48176.2
-116.60300160358852 36.75876284503848 48174.8
-116.6030279298766 36.75876198325072 48172.0
-116.60305427502882 36.7587610785875 48169.5
-116.60308077234204 36.75876013847689 48167.8
-116.60310709165654 36.7587592059688 48164.3
-116.60313353691596 36.75875829918439 48159.4
-116.60316000172044 36.75875745116458 48154.6
-116.60318642053896 36.75875670349877 48150.2
-116.60321280021203 36.758756058072166 48145.6
-116.60323912944476 36.7587555191282 48142.7
-116.60326540878955 36.75875507854703 48141.3
-116.60329155388904 36.75875473538306 48140.0
-116.60331756538632 36.75875446478168 48138.4
-116.60334343100362 36.75875426643261 48136.5
-116.60336920040676 36.758754151553326 48134.1
-116.6033948754926 36.75875415638974 48132.8
-116.60342055518792 36.75875428112466 48132.9
-116.60344629122032 36.75875452788476 48132.8
-116.60347214792328 36.75875488448132 48133.2
-116.6034981304226 36.75875533308624 48133.9
-116.6035242698822 36.758755825482 48135.2
-116.6035505721108 36.7587563378549 48137.0
-116.60357702243194 36.758756860515874 48139.2
-116.60360369220692 36.758757398456055 48141.2
-116.6036302114982 36.75875795035584 48143.3
-116.6036568839486 36.7587585279465 48146.7
-116.60368360377116 36.75875912310936 48150.8
-116.60371037575132 36.75875971473908 48154.6
-116.6037371849035 36.758760279495824 48158.5
-116.60376402896443 36.75876079650171 48163.0
-116.60379088356484 36.758761252756834 48167.4
-116.60381776885173 36.75876162083616 48171.6
-116.60384464292105 36.75876189222002 48175.8
-116.6038714724802 36.7587620501153 48180.1
-116.60389819248012 36.758762076548095 48184.4
-116.60392485504728 36.75876193028237 48188.0
-116.60395142847013 36.75876162803306 48190.7
-116.60397789346544 36.75876116872604 48192.9
-116.60400419623632 36.75876055549819 48195.5
-116.60403038311 36.7587597712989 48198.8
-116.6040564219788 36.75875885439489 48201.9
-116.60408229197452 36.758757826027534 48204.0
-116.60410796597276 36.758756716742965 48205.4
-116.60413355264808 36.7587555499436 48207.2
-116.60415876088808 36.75875437200718 48208.9
-116.60418390432868 36.75875317218838 48210.9
-116.60420887872895 36.7587519442843 48213.0
-116.60423371571596 36.75875064753913 48215.4
-116.60425844102764 36.758749254199216 48217.7
-116.60428316726616 36.75874772772916 48219.6
-116.60430767846854 36.75874606179767 48221.5
-116.60433217496688 36.758744211534456 48223.3
-116.60435663835598 36.75874221314326 48224.8
-116.60438106406122 36.75874009290766 48227.2
-116.60440543441808 36.758737878862654 48230.9
-116.60442980634826 36.75873558472414 48235.1
-116.60445419414032 36.75873324767611 48239.7
-116.60447863611688 36.75873088857036 48244.8
-116.60450317474876 36.758728530265664 48250.0
-116.60452783858835 36.75872621644882 48255.4
-116.60455264985356 36.758723982690285 48260.9
-116.60457764279212 36.758721864950736 48267.5
-116.60460290809652 36.75871989222373 48274.3
-116.60462841360508 36.75871811977878 48281.0
-116.6046541745636 36.75871652095829 48288.1
-116.60468019853404 36.75871508281672 48295.4
-116.60470654375496 36.758713784694194 48303.0
-116.60473320354768 36.75871263394205 48310.3
-116.60476019583126 36.758711602338686 48317.8
-116.60478753685976 36.758710687872025 48325.7
-116.60481526243956 36.75870988941144 48333.4
-116.6048433243672 36.75870921600958 48340.2
-116.60487164665976 36.758708623886506 48347.7
-116.60490016917235 36.758708073728535 48356.8
-116.60492881968632 36.7587075221551 48365.8
-116.60495752439856 36.75870691988369 48373.7
-116.60498618091196 36.75870623995453 48381.2
-116.60501472925402 36.75870546462846 48389.3
-116.60504311501468 36.75870458613155 48398.3
-116.60507136366996 36.7587035869576 48407.0
-116.60509947055029 36.75870248892966 48415.2
-116.60512743991168 36.75870130100759 48423.3
-116.6051552698231 36.758700030920586 48431.8
-116.60518312822953 36.75869866881197 48439.8
-116.60521069934816 36.75869724905867 48447.4
-116.60523832036012 36.758695753013136 48455.2
-116.60526584049528 36.75869418323634 48463.8
-116.60529323484076 36.75869251334344 48471.9
-116.60532043492732 36.75869074437568 48479.0
-116.60534737509307 36.75868886682112 48485.6
-116.60537395826898 36.75868687200896 48492.3
-116.60540018309436 36.75868472661423 48498.7
-116.60542606112008 36.75868245898092 48504.8
-116.6054516164306 36.758680082786256 48511.0
-116.60547685893395 36.75867762211051 48516.6
-116.60550185124671 36.75867509275595 48521.5
-116.60552664504 36.75867254246318 48526.3
-116.60555128936244 36.75866999554992 48531.1
-116.60557585999172 36.758667465172685 48536.0
-116.6056004459098 36.758664969295374 48540.5
-116.60562513294184 36.75866252192078 48544.6
-116.60564997978396 36.75866014097588 48548.6
-116.60567505520112 36.75865783661897 48552.2
-116.60570045188769 36.758655619130245 48555.8
-116.6057258419578 36.75865348965824 48559.2
-116.60575148081756 36.75865140721092 48562.2
-116.60577719080312 36.75864935674497 48564.7
-116.60580286480516 36.75864730067725 48566.8
-116.6058284288176 36.758645205202505 48569.6
-116.60585382866672 36.75864304764145 48572.7
-116.60587898899708 36.75864081248428 48575.1
-116.60590391706532 36.75863845174717 48576.7
-116.60592860223632 36.75863596593919 48578.3
-116.60595303207396 36.75863334794024 48580.4
-116.60597713878305 36.75863060388215 48582.5
-116.60600091378714 36.75862770913412 48584.0
-116.60602430404388 36.758624689061165 48584.4
-116.6060472654614 36.75862154287712 48584.9
-116.60606972114168 36.758618287545744 48586.4
-116.60609172619188 36.75861492023048 48588.2
-116.60611333044992 36.75861151127485 48589.8
-116.606134567209 36.75860811549905 48590.8
-116.60615551733068 36.758604789248565 48592.3
-116.60617628706484 36.75860160915997 48594.7
-116.6061967768142 36.758598635499375 48596.6
-116.6062173151715 36.75859586160984 48598.0
-116.6062379801389 36.75859331163103 48599.3
-116.60625870956926 36.75859106009938 48600.9
-116.60627961780474 36.75858906325977 48602.8
-116.60630073700187 36.75858731854197 48604.1
-116.60632214943716 36.758585811663366 48604.9
-116.6063437203028 36.758584572129934 48606.5
-116.6063654779205 36.758583532353775 48608.3
-116.6063874163992 36.758582662484486 48609.9
-116.60640957527023 36.75858192879224 48611.6
-116.606431913615 36.7585813170228 48613.3
-116.60645442945824 36.75858078701194 48615.2
-116.60647709506397 36.75858032304326 48616.3
-116.60649988580336 36.758579901826295 48616.6
-116.60652275675008 36.75857949145062 48618.1
-116.6065456429672 36.75857905206989 48620.2
-116.6065684388726 36.75857854928199 48621.3
-116.60659095698897 36.75857794534343 48620.9
-116.60661314299676 36.7585771581474 48620.5
-116.6066345833358 36.75857616747347 48621.0
-116.60665541321993 36.75857491825773 48621.6
-116.60667533842806 36.75857339775055 48622.3
-116.6066944661261 36.75857154763722 48623.1
-116.60671283950478 36.75856946894256 48624.2
-116.60673056520842 36.75856723044839 48625.8
-116.60674779122084 36.75856491647172 48627.8
-116.60676474016232 36.75856262284152 48630.3
-116.60678161462856 36.75856045144664 48632.6
-116.60679855512252 36.758558484766645 48635.1
-116.60681579675408 36.75855677786903 48636.8
-116.6068332035114 36.758555459838206 48638.3
-116.6068509089512 36.75855449432548 48639.9
-116.60686894349352 36.758553888385045 48641.4
-116.60688743731912 36.75855363183958 48642.6
-116.60690618294905 36.75855374720366 48643.6
-116.60692520583842 36.758554132961855 48644.8
-116.60694443729784 36.758554730224894 48646.3
-116.6069638130377 36.75855546942184 48647.3
-116.60698323680488 36.75855628149212 48647.3
-116.60700239799708 36.75855707787349 48646.7
-116.60702144770792 36.758557816806416 48646.5
-116.6070402095748 36.75855845224029 48647.3
-116.60705872703323 36.75855893811991 48648.1
-116.6070770366464 36.75855929389687 48648.4
-116.60709520023198 36.75855954220192 48649.0
-116.6071132962121 36.758559724779055 48649.9
-116.60713144506876 36.75855989842562 48651.1
-116.60714971772124 36.758560130503646 48652.7
-116.60716817987932 36.75856047415175 48653.9
-116.60718694991404 36.758560977189454 48654.9
-116.60720595917094 36.75856170657087 48655.9
-116.607225225871 36.75856264981345 48656.9
-116.60724473777084 36.758563804758914 48657.4
-116.60726453438625 36.75856516606734 48657.7
-116.60728448233328 36.75856674553368 48658.7
-116.60730457469136 36.75856850531 48659.9
-116.60732479504463 36.758570431569645 48660.6
-116.60734518577353 36.75857251006271 48661.2
-116.60736581894544 36.75857472666388 48662.2
-116.60738648677408 36.758577001605175 48663.6
-116.60740742731538 36.75857932511842 48664.2
-116.60742851435673 36.758581655143296 48664.1
-116.60744972211351 36.75858395965424 48664.3
-116.60747099099297 36.75858621601064 48665.0
-116.60749230116524 36.75858841019917 48666.0
-116.60751361375712 36.75859053158616 48666.4
-116.60753495347971 36.75859257157983 48666.0
-116.6075562770607 36.75859454476456 48666.2
-116.60757756748224 36.75859645721881 48667.0
-116.60759879547392 36.75859831544804 48667.8
-116.60761995602452 36.75860012263515 48668.7
-116.60764102979408 36.758601885926055 48669.5
-116.60766199887432 36.75860359889104 48670.2
-116.607682811309 36.75860524638392 48670.1
-116.60770344990372 36.758606797311856 48669.1
-116.60772388450609 36.75860823808215 48668.3
-116.60774409123236 36.758609547618136 48668.7
-116.60776401306534 36.75861070934249 48669.6
-116.60778379800249 36.75861171068412 48670.0
-116.60780322200544 36.758612579422206 48670.5
-116.6078225613804 36.75861335249454 48670.9
-116.60784177654584 36.75861404608991 48671.4
-116.60786098384088 36.75861466844927 48672.3
-116.60788022964655 36.75861524118789 48672.8
-116.60789956506588 36.75861577110396 48673.0
-116.60791902107124 36.75861625938501 48673.7
-116.60793868570768 36.75861669538613 48674.5
-116.6079585354844 36.75861708285156 48674.7
-116.60797857060425 36.758617419793104 48675.2
-116.60799877505636 36.758617705988215 48676.5
-116.60801928738871 36.75861793565873 48677.8
-116.60803989569176 36.7586181196484 48678.4
-116.60806067018594 36.7586182665807 48678.2
-116.60808158280248 36.75861838824665 48678.1
-116.60810259383165 36.75861849935784 48678.1
-116.6081236073408 36.75861861967893 48677.8
-116.60814454547388 36.7586187661295 48677.8
-116.60816535011467 36.75861896460821 48679.0
-116.60818584647302 36.75861926987863 48680.1
-116.60820601236249 36.75861971509627 48680.7
-116.60822580827583 36.758620337371134 48681.6
-116.60824530208076 36.758621171194 48683.3
-116.60826431343708 36.75862227114547 48685.0
-116.60828301613113 36.75862362429864 48685.7
-116.60830145044112 36.75862524443708 48686.1
-116.60831974414006 36.75862714686075 48686.4
-116.60833769709768 36.75862933375864 48686.4
-116.6083554656206 36.75863174219187 48686.2
-116.60837307524152 36.75863434257384 48686.0
-116.60839059361544 36.758637107072 48685.1
-116.60840794387644 36.75863998778637 48684.1
-116.60842524368957 36.75864292651851 48683.0
-116.60844254550288 36.75864588842035 48681.8
-116.60845990340404 36.758648848834405 48680.7
-116.60847741793056 36.75865180424477 48680.4
-116.60849509948302 36.75865475417165 48680.5
-116.60851294156228 36.75865768825434 48681.2
-116.60853086609688 36.7586605706752 48681.1
-116.6085489550026 36.75866336958477 48681.0
-116.60856691728236 36.75866603642248 48681.5
-116.60858493915678 36.75866859821621 48681.6
-116.60860288348988 36.75867104158965 48681.2
-116.60862078570833 36.7586733701399 48680.6
-116.6086386123617 36.75867561394838 48680.4
-116.60865637652007 36.7586777956528 48680.6
-116.60867410619056 36.75867994583538 48680.7
-116.6086918343332 36.758682099697616 48681.2
-116.60870959361728 36.75868427329275 48680.4
-116.60872739629208 36.75868647517528 48680.0
-116.60874524605468 36.75868871644146 48680.5
-116.60876307441544 36.7586910081109 48680.2
-116.60878084916088 36.75869334289163 48679.2
-116.608798524539 36.758695712806784 48678.3
-116.60881605271804 36.75869810309749 48678.1
-116.60883335280404 36.75870047551833 48678.1
-116.60885043441404 36.75870278858213 48678.1
-116.60886726101872 36.75870500586165 48678.0
-116.60888373487344 36.758707092190136 48677.1
-116.60889988927325 36.75870901557398 48676.2
-116.60891550904208 36.758710754221006 48676.2
-116.60893077074276 36.75871232371819 48676.4
-116.60894553827124 36.75871371210237 48675.6
-116.60895988909208 36.75871490847766 48674.9
-116.60897384860388 36.75871594549829 48674.8
-116.60898742871278 36.75871683806793 48675.1
-116.60900058519296 36.75871760408212 48675.4
-116.60901334110484 36.75871826443918 48675.2
-116.60902568663953 36.75871887137345 48675.2
-116.6090376128396 36.758719460121306 48676.3
-116.60904913864452 36.7587200633868 48677.4
-116.6090601540938 36.75872070914441 48677.5
-116.60907078223909 36.75872140917857 48677.0
-116.60908107266448 36.75872218044183 48677.1
-116.60909115662736 36.75872304377122 48677.9
-116.6091009381996 36.75872401343885 48678.1
-116.60911059016168 36.758725073416926 48677.0
-116.6091201648866 36.7587262114956 48676.5
-116.60912970646412 36.75872740476503 48676.6
-116.6091392257284 36.75872861797357 48677.0
-116.60914863349112 36.75872979518532 48677.0
-116.60915801972496 36.75873091609135 48676.5
-116.60916723561569 36.75873194029278 48675.6
-116.609176351156 36.75873283689273 48674.5
-116.60918528187426 36.75873360588433 48673.9
-116.60919399047091 36.75873424314023 48673.6
-116.60920236697947 36.75873475103423 48673.1
-116.60921051804397 36.75873512968773 48672.4
-116.60921840274472 36.75873540296677 48672.3
-116.60922604063836 36.758735574008966 48672.3
-116.60923337773504 36.758735646808965 48672.5
-116.60924061114356 36.75873560328044 48672.7
-116.60924770305752 36.7587354609412 48672.4
-116.60925467483754 36.75873521334369 48672.4
-116.60926144916024 36.75873486397145 48673.3
-116.60926827199852 36.758734374502254 48673.9
-116.6092750530164 36.75873377378712 48673.0
-116.60928178490084 36.75873307057576 48671.6
-116.6092883895472 36.758732291010055 48670.9
-116.60929503331944 36.75873142352086 48671.4
-116.6093015844166 36.75873053159513 48671.6
-116.60930815123812 36.75872963256426 48671.4
-116.60931483635696 36.75872875244224 48671.9
-116.609321543187 36.75872798915277 48672.2
-116.60932834503664 36.75872738504024 48672.7
-116.60933527978224 36.75872698706824 48673.1
-116.6093426157969 36.75872682082191 48673.0
-116.60934994772896 36.75872695662225 48672.9
-116.60935751879448 36.75872732521347 48672.8
-116.60936535527988 36.75872790302028 48672.7
-116.60937356796632 36.75872867379786 48672.8
-116.60938197428464 36.75872961465774 48672.4
-116.60939065646151 36.75873068020224 48672.0
-116.60939962031844 36.758731854787705 48671.4
-116.60940891745048 36.75873313521546 48671.7
-116.60941851310182 36.75873451472809 48672.2
-116.60942837774812 36.75873595927714 48672.1
-116.6094384407467 36.75873743669411 48670.9
-116.60944855274587 36.75873890141862 48669.7
-116.60945864483566 36.75874029479171 48669.4
-116.60946846188564 36.75874154056486 48669.1
-116.60947806042446 36.758742598051846 48667.8
-116.60948717819792 36.758743405319926 48666.1
-116.6094961167373 36.75874389756505 48665.2
-116.60950475566725 36.75874409351636 48664.7
-116.60958399358104 36.758767729058846 48666.6
-116.60958645169865 36.75877182449626 48665.5
-116.60958957663637 36.75877626573941 48663.3
-116.60959322067175 36.75878082428397 48661.0
-116.60959736632084 36.75878547429546 48659.3
-116.6096018387146 36.75879007252191 48660.1
-116.6096069004338 36.75879482360172 48659.6
-116.60961234308851 36.758799578616326 48658.3
-116.6096181846208 36.75880434037194 48657.9
-116.60962435102805 36.75880907294288 48656.8
-116.60963105571864 36.75881395171383 48656.0
-116.60963807551296 36.75881891268756 48655.2
-116.60964537705624 36.758823968869486 48653.9
-116.60965291926932 36.758829112386096 48653.5
-116.6096607848148 36.75883438923736 48652.7
-116.60966890051192 36.75883977097679 48651.1
-116.60967724219844 36.75884527212338 48649.4
-116.60968581811764 36.758850952488864 48648.3
-116.60969453896776 36.75885685598553 48647.7
-116.6097033766126 36.75886302097 48645.6
-116.60971233347168 36.7588694923122 48642.7
-116.60972149439392 36.75887634090456 48640.6
-116.60973080279804 36.75888352161826 48639.5
-116.60974035705556 36.75889100644608 48638.0
-116.60975020836996 36.7588987722615 48636.7
-116.60976040262236 36.75890679260424 48635.7
-116.60977104201848 36.75891509483044 48634.0
-116.60978205705985 36.758923628034815 48633.3
-116.6097934194924 36.75893238229959 48632.7
-116.60980509475534 36.75894134875852 48632.6
-116.6098170583358 36.758950523754734 48631.3
-116.60982921717716 36.75895984171028 48629.4
-116.60984152605036 36.758969266135125 48627.5
-116.60985393100324 36.758978755185886 48626.2
-116.60986638961852 36.75898825485996 48623.8
-116.609878863209 36.758997706354485 48621.2
-116.60989132759376 36.75900707416204 48620.1
-116.60990379419157 36.759016358507125 48617.8
-116.6099161824486 36.7590255012932 48614.8
-116.60992850175472 36.75903456277552 48612.7
-116.60994072211894 36.759043567873256 48610.6
-116.60995282607284 36.759052549325446 48606.7
-116.60996472911104 36.75906148191424 48603.2
-116.60997646507133 36.7590703757935 48599.6
-116.60998803743388 36.759079229924055 48597.0
-116.609999470842 36.75908805935624 48596.2
-116.61001073379448 36.759096841751024 48596.6
-116.61002188666876 36.759105609298686 48596.2
-116.61003295287576 36.75911439439498 48594.4
-116.61004397759628 36.75912325940157 48593.0
-116.61005491114966 36.759132215312725 48591.6
-116.61006580582465 36.75914130465223 48590.2
-116.6100766750885 36.75915056159799 48589.2
-116.61008757446936 36.75916007198948 48587.8
-116.610098393449 36.75916982104648 48585.7
-116.61010917841712 36.75917982522549 48582.4
-116.61011992921316 36.75919007155172 48578.0
-116.61013068466826 36.759200549918965 48573.7
-116.61014142338648 36.75921116767785 48571.3
-116.61015221235893 36.75922187156515 48570.4
-116.61016308958604 36.75923260858077 48568.7
-116.61017406171896 36.75924328849129 48565.8
-116.61018529554188 36.75925391287095 48562.4
-116.6101968022424 36.75926441826236 48560.6
-116.61020860422536 36.75927475090553 48559.5
-116.61022057885944 36.7592847411095 48557.4
-116.6102329293983 36.759294355193006 48554.2
-116.61024549938828 36.75930340453202 48550.2
-116.61025828520756 36.75931173901661 48546.7
-116.61027098734036 36.75931907261191 48543.9
-116.6102842069786 36.75932552555543 48541.7
-116.6102975982903 36.75933109042828 48539.6
-116.61031109534385 36.759335818314746 48537.8
-116.61032432444416 36.75933970485199 48535.4
-116.61033773054352 36.759342883135176 48532.9
-116.61035094151316 36.75934545593418 48531.2
-116.61036391315852 36.759347485554464 48529.9
-116.61037642975693 36.75934900740703 48529.1
-116.6103889220363 36.759350060775226 48528.8
-116.6104012332106 36.759350740877146 48528.2
-116.61041336653344 36.759351080782565 48527.4
-116.61042512498943 36.759351107867246 48526.5
-116.6104367367961 36.759350797043005 48525.8
-116.61044798193328 36.75935023024305 48525.2
-116.6104587689411 36.75934943973462 48524.3
-116.61046886732916 36.75934847585397 48523.5
-116.6104784498257 36.759347317142606 48523.0
-116.61048746378566 36.759346045648336 48522.6
-116.6104959542822 36.75934469541748 48522.7
-116.6105039264196 36.759343312885726 48522.9
-116.61051155223991 36.75934191379845 48522.7
-116.61051888712808 36.75934055448562 48523.2
-116.61052598998016 36.75933926000245 48523.6
-116.61053295402598 36.75933803672284 48523.6
-116.61053969190426 36.7593369322025 48523.7
-116.6105463126491 36.759335926793504 48523.5
-116.61055286566308 36.75933501782104 48523.8
-116.61055948076728 36.75933419304831 48523.9
-116.610565993314 36.75933349284869 48523.6
-116.61057249114056 36.7593328817044 48523.5
-116.61057896312656 36.7593323518105 48523.5
-116.61058544781474 36.75933189180186 48522.8
-116.61059178716708 36.7593315161156 48522.3
-116.6105980659888 36.75933120266749 48522.5
-116.61060430557173 36.75933096097487 48523.2
