534605.4451 4068731.615 0.0
534605.3474 4068733.3310000002 0.8028341735933253
534605.296 4068735.189 1.005902876701839
534605.2736 4068737.1810000003 2.0091928963984174
534605.2657 4068739.255 2.3126183486308918
534605.265 4068741.3839999996 2.416134639760827
534605.2666 4068743.547 2.4197070858466816
534605.2671 4068745.7260000003 2.423305957793133
534605.2647 4068747.909 2.626911436203585
534605.2585 4068750.088 3.030510308150042
534605.247 4068752.2610000004 2.9340992703986615
534605.2289 4068754.4239999996 3.0376717164826914
534605.2045 4068756.579 3.84123094963779
534605.1742 4068758.727 4.0447786214781445
534605.1389 4068760.87 3.548318035237571
534605.1004 4068763.008 3.251849190914257
534605.0609 4068765.143 3.4553753917429333
534605.0218 4068767.2789999996 4.358903244186692
534604.9852 4068769.417 4.662434399864281
534604.9538 4068771.561 4.565975465239717
534604.9293 4068773.708 4.66952148546406
534604.9124 4068775.858 4.573072460536423
534604.9027 4068778.0089999996 4.376625087224781
534604.8979999999 4068780.162 4.080181017147879
534604.8943 4068782.315 3.18373694706915
534604.8889 4068784.466 2.987289573759341
534604.8789 4068786.619 3.2908455036806146
534604.8625 4068788.77 3.394398130369879
534604.8399 4068790.921 3.5979507570591522
534604.8123 4068793.0719999997 4.001503383748428
534604.7817 4068795.225 4.005059313670614
534604.7508 4068797.38 3.8086185468248033
534604.7223 4068799.541 3.7121876896777337
534604.6972 4068801.708 3.8157667422285186
534604.6766 4068803.8819999998 4.019357356092229
534604.6609 4068806.064 4.022961182886689
534604.6493 4068808.252 3.5265749193798968
534604.6406 4068810.442 3.1301919591051046
534604.6332 4068812.633 3.433810650447228
534604.6247 4068814.8230000003 3.6374276901733538
534604.6139 4068817.012 3.4410430782825614
534604.5993 4068819.2010000004 2.3446584663917776
534604.5792 4068821.393 1.448278809349901
534604.5522 4068823.586 1.4519008039240333
534604.5184 4068825.7819999997 1.4555277533470843
534604.4787 4068827.979 1.4591563543870478
534604.4354 4068830.1769999997 1.562786607043023
534604.3921 4068832.372 1.366411904850068
534604.3519 4068834.566 0.67003555104111
534604.3163 4068836.7589999996 -0.026342454385670067
534604.2859 4068838.95 -0.6227237630426288
534604.26 4068841.143 -1.0191017684685022
534604.2368 4068843.338 -1.5154764706614543
534604.2144 4068845.5360000003 -1.9118462180045697
534604.1909 4068847.738 -2.4082093588845908
534604.1652 4068849.943 -2.404567544913874
534604.1368 4068852.1489999997 -2.600924079328067
534604.1061 4068854.357 -3.19727731050844
534604.074 4068856.564 -2.7936321933057116
534604.0413 4068858.769 -2.3899903793349893
534604.009 4068860.9710000004 -2.586353520213194
534603.9783 4068863.166 -2.982728222406152
534603.9496 4068865.352 -3.879117789146761
534603.9229 4068867.5360000003 -4.475510659118484
534603.8979 4068869.692 -4.971949774348289
534603.8743 4068871.857 -5.168374025030431
534603.853 4068874.005 -5.264826353190074
534603.8351 4068876.15 -5.961283636198644
534603.8213 4068878.295 -6.657740919207214
534603.8109 4068880.445 -6.7541899441348505
534603.8021 4068882.6 -7.050630710979746
534603.791 4068884.7610000004 -8.24706156812681
534603.7752 4068886.9260000004 -9.143485818808955
534603.7544 4068889.0939999996 -8.839905114643983
534603.7294 4068891.265 -8.536319455627378
534603.7025 4068893.438 -9.132730493378773
534603.6771 4068895.6139999996 -10.429136576283042
534603.6564 4068897.792 -10.8255393559526
534603.6431 4068899.9689999996 -10.121943787239985
534603.6383 4068902.146 -10.11834821852554
534603.6414 4068904.3219999997 -11.114754301428917
534603.6509 4068906.4960000003 -12.61116368756339
534603.6635 4068908.668 -14.10757637693169
534603.6753 4068910.841 -14.903987414683968
534603.6835 4068913.0160000003 -14.600395149202456
534603.6866 4068915.1939999997 -14.096797928873826
534603.6837 4068917.3789999997 -14.693189147229532
534603.6748 4068919.568 -15.689573759120321
534603.6608 4068921.76 -16.585953416162198
534603.6423 4068923.9560000002 -16.782326466738226
534603.6197 4068926.155 -17.178694562466262
534603.5942 4068928.357 -17.975057703345385
534603.567 4068930.561 -18.67141754099066
534603.538 4068932.768 -19.367772423787926
534603.5069 4068934.979 -19.664120700120293
534603.4739 4068937.192 -19.86046567321972
534603.4396 4068939.4080000003 -19.75680569146934
534603.4042 4068941.628 -19.453139103254955
534603.3689 4068943.852 -20.3494659085747
534603.3358 4068946.0810000002 -21.445784455812657
534603.3066 4068948.312 -22.34209969981856
534603.2823 4068950.545 -22.73841164059158
534603.2635 4068952.776 -23.034726884597518
534603.2494 4068955.0069999998 -23.43104212860345
534603.2375 4068957.236 -23.627360675841373
534603.2259 4068959.459 -24.22368913277805
534603.2135 4068961.6760000004 -24.720027499410747
534603.2 4068963.8819999998 -25.31638403382584
534603.185 4068966.078 -26.112757084401892
534603.1685 4068968.2630000003 -26.109148302757603
534603.1513 4068970.438 -26.705556037276978
534603.1344 4068972.606 -28.101975333110204
534603.1183 4068974.771 -28.898399583792354
534603.1022 4068976.933 -29.394828789323412
534603.0856 4068979.0939999996 -30.09125964647228
534603.0689 4068981.253 -30.587693806851348
534603.0531 4068983.409 -30.78413292208114
534603.0399 4068985.563 -30.880575340542975
534603.0313 4068987.715 -31.477021062237696
534603.0287 4068989.869 -32.873463480698604
534603.032 4068992.0239999997 -33.669904247544395
534603.0405 4068994.1810000003 -33.866341711156394
534603.0536 4068996.338 -34.66277917477018
534603.0696 4068998.495 -36.35921663838309
534603.0862 4069000.65 -37.95565740522889
534603.1007 4069002.8039999995 -38.552099823690696
534603.1105 4069004.959 -38.74854059053558
534603.1145 4069007.1139999996 -39.44498135738141
534603.1139 4069009.27 -40.441420472610304
534603.1099 4069011.425 -41.43786123945611
534603.1037 4069013.579 -42.43430365791701
534603.0972 4069015.729 -43.53075268284465
534603.0920000001 4069017.874 -45.32720996585323
534603.0892 4069020.014 -47.02367550694271
534603.0881 4069022.15 -48.02014765449894
534603.0867 4069024.285 -49.21662145367026
534603.0833 4069026.422 -50.71309194960958
534603.0764 4069028.567 -52.30954923261817
534603.0649 4069030.723 -54.105988347847045
534603.0497 4069032.889 -55.702410946913176
534603.0323 4069035.062 -57.49882198466457
534603.0133 4069037.2389999996 -60.09522641595194
534602.9927 4069039.418 -62.3916275440055
534602.9698 4069041.5960000004 -64.48803032367505
534602.9447 4069043.771 -65.98443805819443
534602.9167 4069045.942 -67.88085239917964
534602.8853 4069048.108 -70.67727499824485
534602.8509 4069050.2660000003 -73.77371081024086
534602.8137 4069052.418 -76.67015653193556
534602.7737 4069054.564 -79.56661216332904
534602.7307 4069056.703 -82.16307935603453
534602.6853 4069058.835 -84.65955811005568
534602.639 4069060.961 -87.65604677377377
534602.5925 4069063.082 -91.5525436955746
534602.5453 4069065.1980000003 -95.74904887545546
534602.4948 4069067.312 -99.24555735857012
534602.4377 4069069.4260000004 -102.64206584168386
534602.3715 4069071.542 -106.23857102156654
534602.294 4069073.667 -109.6350613369006
534602.2054 4069075.7989999996 -112.93154009092177
534602.1089 4069077.94 -116.22800398039527
534602.007 4069080.0919999997 -119.82444970208999
534601.9022 4069082.255 -123.52087725600504
534601.7971 4069084.4289999995 -127.11728664214132
534601.6943 4069086.6089999997 -130.61368611857796
534601.5961 4069088.79 -134.0100839433995
534601.5049 4069090.966 -137.60649002630197
534601.4227 4069093.13 -141.20291592860104
534601.3495 4069095.276 -144.29937155999266
534601.2858 4069097.395 -147.39587178502552
534601.2328 4069099.478 -150.39243146824538
534601.1896 4069101.523 -153.4890539128852
534601.1521 4069103.5289999996 -156.5857407705618
534601.1165 4069105.499 -159.0824870864255
534601.0784 4069107.44 -160.67928129916146
534601.0325 4069109.357 -162.27611515068963
534600.9756 4069111.265 -163.5729638667637
534600.9057 4069113.1780000003 -164.36980432475684
534600.8213 4069115.113 -164.76660844719152
534600.7241 4069117.077 -165.26336467275303
534600.6178 4069119.08 -166.0600564852777
534600.5048 4069121.127 -165.75667562668548
534600.3862 4069123.22 -164.4532187937417
534600.262 4069125.361 -163.4496826832161
534600.1321 4069127.543 -162.84607885642072
534599.9962 4069129.7610000004 -161.5424155714383
534599.8548 4069132.015 -159.8386928282689
534599.7127 4069134.3019999997 -157.23491558176136
534599.5779 4069136.615 -153.6310953932287
534597.1478 4069140.0039999997 -152.12549806554472
534597.0352 4069141.637 -146.8228009761051
534596.9661 4069143.405 -142.41988091846417
534596.9231 4069145.275 -138.61679239595907
534596.8913 4069147.227 -135.11356844091534
534596.8604 4069149.216 -131.51028337606857
534596.8267 4069151.225 -127.60696527889633
534596.7889 4069153.242 -123.90363396879238
534596.7472 4069155.2589999996 -120.10030265869028
534596.7031 4069157.27 -115.69698125828418
534596.6579 4069159.276 -111.69366811595992
534596.6126 4069161.2739999997 -108.19036818656733
534596.5684 4069163.2660000003 -104.68707816687075
534596.5260000001 4069165.253 -100.58379640525692
534596.4862 4069167.236 -95.98052125010798
534596.4499 4069169.2139999997 -91.97725435304181
534596.4184 4069171.192 -88.47398745597474
534596.392 4069173.17 -85.27072055890676
534596.3707 4069175.151 -82.16744870699077
534596.3532 4069177.135 -79.16417190022585
534596.3372 4069179.124 -76.6608868353791
534596.3203 4069181.1160000004 -74.35759681568342
534596.3011 4069183.113 -71.45429853790682
534596.2791 4069185.1160000004 -68.85099035043058
534596.2546 4069187.126 -66.64767060164232
534596.2283 4069189.142 -64.5443409431553
534596.2004 4069191.163 -62.24100302658644
534596.1712 4069193.187 -60.53766015516959
534596.1416 4069195.21 -59.23431893536781
534596.1121 4069197.23 -58.03098267041588
534596.0823 4069199.2460000003 -57.12765301192795
534596.0518 4069201.2569999998 -56.32433161152366
534596.0196 4069203.265 -55.6210151659665
534595.9852 4069205.271 -54.81770202364223
534595.9481 4069207.2739999997 -54.4143938361687
534595.9081 4069209.275 -54.31108895192537
534595.8652 4069211.272 -54.20779067414878
534595.8202 4069213.268 -54.20449404798728
534595.7741 4069215.2630000003 -54.501199073442706
534595.7275 4069217.26 -54.89790079566609
534595.6814 4069219.2589999996 -55.1945992146575
534595.6363 4069221.2630000003 -55.69128937556434
534595.5929 4069223.269 -56.78797623324189
534595.5515 4069225.276 -57.98466143930074
534595.5123 4069227.2860000003 -59.08134169051155
534595.4743 4069229.2939999998 -60.27802524495527
534595.4366 4069231.3019999997 -61.27470879939901
534595.3989 4069233.307 -61.871397308690746
534595.3617 4069235.307 -62.468094076065256
534595.3259 4069237.3039999995 -63.16479579828865
534595.2927 4069239.297 -64.16150412697698
534595.2631 4069241.2860000003 -65.55821906212933
534595.2372 4069243.273 -66.75493730051548
534595.2135 4069245.258 -67.65165884213457
534595.1903 4069247.2430000002 -68.54838038375274
534595.1663 4069249.23 -69.44509862213891
534595.1405 4069251.2169999997 -70.34181686052597
534595.1124 4069253.2060000002 -70.8385317956783
534595.0821 4069255.1960000005 -70.93524507921467
534595.0498 4069257.186 -70.93195836275191
534595.0163 4069259.1760000004 -71.12867164628915
534594.9833 4069261.163 -70.92538988467533
534594.9518 4069263.1489999997 -70.4221097746784
534594.922 4069265.1319999998 -69.91883461952949
534594.8936 4069267.1119999997 -69.4155644192304
534594.8666 4069269.0889999997 -69.01229917377933
534594.8404 4069271.064 -68.60903723156116
534594.8147 4069273.039 -67.80577528934299
534594.7884 4069275.019 -66.90250508904302
534594.7605 4069277.003 -65.49922828227719
534594.7299 4069278.992 -64.59594321743134
534594.6959 4069280.9889999996 -63.69264493965474
534594.6583 4069282.992 -62.289336752178485
534594.618 4069285.002 -60.886017003390236
534594.5754 4069287.017 -59.38268899651922
534594.531 4069289.037 -57.87935273156728
534594.4865 4069291.059 -56.07601316338241
534594.4431 4069293.0810000002 -54.272673595196636
534594.4017 4069295.1 -53.169338981860705
534594.3625 4069297.1139999996 -51.86601262660753
534594.3251 4069299.125 -49.96269122620143
534594.2889 4069301.1319999998 -48.159376432261155
534594.253 4069303.137 -46.356064941552916
534594.2165 4069305.1410000003 -44.55275510246156
534594.1794 4069307.144 -42.54944691498713
534594.1426 4069309.148 -40.8461370758958
534594.1072 4069311.153 -39.34282558518845
534594.0745 4069313.16 -37.93951079124818
534594.0461 4069315.1739999996 -36.336184435994085
534594.0228 4069317.195 -34.33284651942523
534594.0058 4069319.222 -32.82949869315854
534593.9958 4069321.253 -31.526144260426918
534593.993 4069323.287 -29.8227848728464
534593.9957 4069325.32 -28.219427136881848
534594.0027 4069327.35 -27.01607435576625
534594.0132 4069329.375 -26.012729832732475
534594.0262 4069331.394 -25.409395219396544
534594.0399 4069333.4080000003 -24.90606886414153
534594.0527 4069335.416 -24.402752418585266
534594.0626 4069337.421 -24.099440927877907
534594.0668 4069339.418 -23.6961426501004
534594.0645 4069341.409 -23.692854282021642
534594.0552 4069343.394 -24.08957582364073
534594.0388 4069345.377 -24.786300668491833
534594.0157 4069347.357 -25.583030468191822
534593.9872 4069349.337 -26.579760267892738
534593.9542 4069351.317 -27.27649006759276
534593.9175 4069353.2989999996 -27.77321656406076
534593.8788 4069355.277 -29.16994966699275
534593.8414 4069357.2539999997 -30.766684421542607
534593.8073 4069359.227 -32.063425782556436
534593.7779999999 4069361.1969999997 -33.46017209842012
534593.7543 4069363.167 -35.25691841428289
534593.7355 4069365.135 -37.553668033379466
534593.7206 4069367.104 -39.45041600085915
534593.7075 4069369.0739999996 -41.54716231672282
534593.6937 4069371.047 -43.94390367773667
534593.6775 4069373.0239999997 -45.84063843228651
534593.6582 4069375.005 -47.03736658036959
534593.6355 4069376.988 -48.03409142522068
534593.6098 4069378.973 -49.630812966838846
534593.5825 4069380.959 -51.127532856841924
534593.5548 4069382.9480000003 -51.924247791995185
534593.5277 4069384.938 -52.92096107553243
534593.5019 4069386.932 -54.31766775260385
534593.4776 4069388.9269999997 -54.61437277806016
534593.4548 4069390.9239999996 -54.21107450028359
534593.4338 4069392.92 -54.20777787412209
534593.4141 4069394.918 -54.20447794472858
534593.3952 4069396.915 -53.70117966695108
534593.3762 4069398.912 -52.79788138917448
534593.3562 4069400.909 -51.794583111396975
534593.3335 4069402.905 -50.09128648523637
534593.3075 4069404.8989999997 -48.4879931623087
534593.2779 4069406.8910000003 -46.98470314261212
534593.2446 4069408.8789999997 -44.581419729383185
534593.2081 4069410.863 -41.478142922617366
534593.1703 4069412.8439999996 -38.57487107070227
534593.1328 4069414.825 -35.67159921878539
534593.0968 4069416.8060000003 -32.86832736686847
534593.0635 4069418.7989999996 -30.065035695557697
534593.0329 4069420.788 -26.961750630710952
534593.0048 4069422.78 -23.758460611015295
534592.9787 4069424.775 -20.255165636470707
534592.9539 4069426.772 -16.751867358694113
534592.9293 4069428.771 -13.548565777683677
534592.9039 4069430.773 -10.445259241825255
534592.8776 4069432.7789999996 -7.2419460995019165
534592.8508 4069434.789 -4.0386263507127325
534592.8241 4069436.807 -1.0352933889927982
534592.7981 4069438.834 1.8680544372738979
534592.7732 4069440.8680000002 4.671413824855335
534592.7497 4069442.909 7.274784773749701
534592.7276 4069444.95 9.778155722644982
534592.7072 4069446.9869999997 12.38152006507353
534592.6877 4069449.018 14.984874497806047
534592.668 4069451.039 17.288212414373987
534592.6474 4069453.0489999996 19.391532163163177
534592.6263 4069455.05 21.094837047405605
534592.6052 4069457.041 22.998125415485262
534592.5842 4069459.025 24.801402222250175
534592.5624 4069461.0039999997 26.604670770933268
534592.5385 4069462.982 28.407937668000343
534592.511 4069464.963 29.91120951991634
534592.4786 4069466.9469999997 31.314486326681248
534592.4419 4069468.936 32.917771391528916
534592.4017 4069470.9310000003 34.321066366073495
534592.3589 4069472.933 35.42437290193193
534592.3154 4069474.943 36.627692650720206
534592.2728 4069476.959 38.031022309207216
534592.2320000001 4069478.979 39.73435857415916
534592.1936 4069480.997 41.1376915358791
534592.1587 4069483.0089999996 42.441014587900284
534592.1278 4069485.0130000003 43.744324426993444
534592.1011 4069487.0089999996 44.54762105315312
534592.0774 4069488.997 44.950904466383875
534592.0549 4069490.98 46.05417962153187
534592.0323 4069492.96 47.357449821831864
534592.0089 4069494.94 48.26072002213186
534591.9842 4069496.921 48.96399187404786
534591.9577 4069498.903 49.76726537757986
534591.9294 4069500.885 50.47053888111277
534591.8995 4069502.8660000004 51.37381073302967
534591.8682 4069504.8460000004 52.07708093332876
534591.8361 4069506.8239999996 52.98034783039493
534591.8042 4069508.8 54.08361142423
534591.7742 4069510.7739999997 55.28687171483125
534591.7481 4069512.7460000003 56.0901287022014
534591.7266 4069514.7180000003 56.69338568957155
534591.707 4069516.69 57.19664267693988
534591.6863 4069518.663 58.09990131592603
534591.6617 4069520.637 59.003161606527286
534591.6307 4069522.6119999997 59.80642354874544
534591.5944 4069524.5889999997 60.50968879419561
534591.5545 4069526.568 61.2129573428796
534591.5132 4069528.55 61.8162308464116
534591.4727 4069530.5310000004 62.51950269832942
534591.4337 4069532.508 63.12276794377867
534591.3963 4069534.478 63.626021627915904
534591.3599 4069536.438 64.12925879588947
534591.3247 4069538.3880000003 64.73247944770029
534591.291 4069540.334 65.13569349304434
534591.2593 4069542.276 65.3389009319244
534591.2307 4069544.216 65.34210506757245
534591.2058 4069546.155 65.94530755160267
534591.1827 4069548.097 66.44851499048272
534591.1588 4069550.047 66.55173564229263
534591.1321 4069552.006 66.55497115865019
534591.1007 4069553.9710000004 66.45821658470558
534591.0657 4069555.942 66.36147192045792
534591.0285 4069557.916 66.26473221106099
534590.9905 4069559.897 66.06800406297607
534590.9529 4069561.885 65.87128747620591
534590.9163 4069563.878 65.67457914751849
534590.8811 4069565.874 65.37787577367908
534590.8473 4069567.8680000002 65.08116909660767
534590.8144 4069569.858 64.58445581307042
534590.7835 4069571.8439999996 63.98773592306734
534590.756 4069573.828 63.59101272983317
534590.7339999999 4069575.809 63.094284581749164
534590.7192 4069577.788 62.39755313043315
534590.7102 4069579.767 61.70082167911623
534590.7043 4069581.745 61.004088576183314
534590.6984 4069583.723 60.30735547325039
534590.6886 4069585.7 59.61062071870147
534590.6733 4069587.6769999997 58.81388596415163
534590.6511 4069589.655 58.41715286121871
534590.6214 4069591.639 57.920429667983626
534590.5842 4069593.625 57.323709777981456
534590.542 4069595.613 57.2269931912122
534590.4967 4069597.598 56.630271649594036
534590.4496 4069599.577 55.33354019827712
534590.4021 4069601.548 54.636795534029446
534590.3554 4069603.5130000003 54.140040960084846
534590.3101 4069605.474 53.54327977967441
534590.2667 4069607.435 52.44651859926489
534590.2263 4069609.402 50.94976732855139
534590.1887 4069611.376 50.453027619154454
534590.1536 4069613.36 50.35630442591847
534590.1206 4069615.354 49.75959774884704
534590.0883 4069617.36 49.0629108911713
534590.056 4069619.375 48.366238898041416
534590.0236 4069621.396 47.86957681461118
534589.9924 4069623.418 47.072916382795114
534589.964 4069625.436 46.27624934451505
534589.9392 4069627.4439999997 45.67956579007132
534589.9186 4069629.434 45.38285250653408
534589.9029 4069631.393 44.88608802289164
534589.8926 4069633.309 44.18925251974743
534589.8858 4069635.1780000003 43.39233939063652
534589.88 4069636.994 41.89533872586108
534589.8717 4069638.758 40.698252177037105
534589.8549 4069640.4680000003 40.201076440932596
534589.8262 4069642.1410000003 39.20383959502415
534589.7829 4069643.789 38.306561458707435
534589.7232 4069645.432 37.509275064309804
534589.6478 4069647.083 36.512001882842924
534589.561 4069648.765 35.81477990148123
534589.4659 4069650.497 34.71764050093516
534589.3661 4069652.298 33.92061506191513
534589.2661 4069654.193 33.72374487482848
534589.1707 4069656.1739999996 33.927016726743574
534589.0854 4069658.2369999997 34.33042401119819
534589.0174 4069660.3660000004 34.53394030232903
534588.9757 4069662.557 34.23755899367025
534588.964 4069664.776 33.64122393026955
534588.9864 4069667.0069999998 33.14490868626271
534589.047 4069669.222 32.94856701639711
534579.5992 4069682.5489999996 32.47057810700008
534579.5474 4069684.5489999996 31.373881339625584
534579.493 4069686.5530000003 30.57719117871784
534579.4335 4069688.558 30.28050266942519
534579.3670000001 4069690.566 30.083819114981452
534579.2925 4069692.5739999996 29.28713556053772
534579.2113 4069694.587 28.29046026417582
534579.1246 4069696.607 27.993796529128673
534579.0338 4069698.635 27.497146007011366
534578.941 4069700.671 27.500508697824813
534578.848 4069702.712 27.403879646719176
534578.7568 4069704.756 27.007255550463384
534578.669 4069706.797 26.410626499357747
534578.5866 4069708.8310000002 25.61398588693919
534578.5093 4069710.856 25.01733040997297
534578.437 4069712.87 24.720656765227062
534578.3692 4069714.87 24.323959997853493
534578.3053 4069716.86 23.727246714316237
534578.2434 4069718.84 22.83051691461533
534578.1819 4069720.813 22.43377555360148
534578.1192 4069722.7819999997 22.337027586120897
534578.0545 4069724.747 22.04027301217721
534577.9882 4069726.711 21.64351678661569
534577.9207 4069728.675 21.14676056105418
534577.8527 4069730.6380000003 20.45000268387757
534577.7848 4069732.6 19.953243155083143
534577.7173 4069734.563 19.956485277905628
534577.6501 4069736.528 19.659730703960122
534577.5828 4069738.494 18.86297778163153
534577.5152 4069740.462 17.866228162535847
534577.4466 4069742.433 16.869483498289085
534577.3763 4069744.4080000003 17.072745440507248
534577.3042 4069746.3880000003 17.476015640807233
534577.2312 4069748.375 17.079297402421076
534577.1587 4069750.369 16.88259072534875
534577.0874 4069752.3710000003 16.58589726120809
534577.0176 4069754.38 15.98921535838035
534576.9493 4069756.396 15.392545016867373
534576.8815 4069758.417 14.49588293343622
534576.813 4069760.441 14.199225804853995
534576.7431 4069762.465 14.102568676270863
534576.6717 4069764.486 13.905906592839713
534576.6 4069766.502 14.309236251326723
534576.529 4069768.5089999996 14.212551045266082
534576.4598 4069770.5039999997 13.315846019810664
534576.3928 4069772.4869999997 12.819121174959577
534576.3271 4069774.459 12.422378162328826
534576.2619 4069776.421 11.12561863353531
534576.1956 4069778.377 10.328849195043944
534576.126 4069780.328 10.832071498470754
534576.0522 4069782.28 11.03529545351357
534575.9747 4069784.236 10.43852601502222
534575.8944 4069786.2 10.341769789460699
534575.8127 4069788.1739999996 10.545030080061949
534575.7312 4069790.1539999996 10.34830028036194
534575.6509 4069792.14 10.051580390359774
534575.5725 4069794.127 9.654862151973617
534575.4968 4069796.1119999997 9.75814061035453
534575.4235 4069798.09 9.861407507421603
534575.3527 4069800.06 9.364661191558838
534575.2843 4069802.022 8.667901662765331
534575.2177 4069803.978 7.971132224273973
534575.1514 4069805.9310000003 7.674357830932792
534575.0846 4069807.8819999998 8.177580134358692
534575.0168 4069809.8310000002 8.080799134553487
534574.9486 4069811.7789999996 8.184016483130478
534574.881 4069813.728 8.087235483325273
534574.8146 4069815.6780000003 7.59045613513608
534574.7496 4069817.6339999996 7.193686696642914
534574.6858 4069819.599 7.096932122699215
534574.6221 4069821.5730000003 7.000192413301377
534574.5578 4069823.557 6.503469220066293
534574.4925 4069825.548 6.0067575881450495
534574.426 4069827.5439999998 5.910054214305632
534574.3591 4069829.54 6.113350840467135
534574.2928 4069831.54 6.216654073092656
534574.2289999999 4069833.525 5.919932531473563
534574.1686 4069835.5 5.523194473692641
534574.111 4069837.4669999997 5.126443202979132
534574.0554 4069839.4260000004 4.729678719337613
534574.0009 4069841.38 4.632905977612424
534573.9468 4069843.3310000002 4.636128281040143
534573.8925 4069845.2830000003 4.539352236082962
534573.8383 4069847.236 4.542577842741778
534573.7842 4069849.191 4.54580675263351
534573.731 4069851.1489999997 4.249040617374163
534573.6786 4069853.108 3.952276133731715
534573.6267 4069855.0710000005 3.5555182565551178
534573.5744 4069857.038 2.8587669858425215
534573.5209 4069859.008 2.462020669978841
534573.4662 4069860.983 2.765282612197012
534573.4099 4069862.962 3.168551160880085
534573.3527 4069864.9439999997 3.371824664412088
534573.2957 4069866.9289999995 3.07510312279301
534573.2403 4069868.915 3.178383232791745
534573.1878 4069870.898 3.2816583879406664
534573.1399 4069872.875 2.6849236333908237
534573.0968 4069874.848 1.9881822723769744
534573.057 4069876.817 1.4914343048963872
534573.0185 4069878.78 1.3946764277188777
534572.9787 4069880.742 1.4979168989253537
534572.9344 4069882.702 2.00115406689892
534572.8842 4069884.664 2.0043945381054016
534572.8271 4069886.63 1.4076416157768108
534572.7626 4069888.603 0.8109002547620605
534572.6902 4069890.58 0.8141655002131358
534572.6109 4069892.562 1.0174390037451246
534572.5253 4069894.5489999996 1.0207207653589592
534572.434 4069896.541 1.124010785055546
534572.3382 4069898.534 1.2273024563663029
534572.2397 4069900.5289999996 1.330597430910899
534572.1399 4069902.523 1.4338907538394778
534572.0407 4069904.5160000003 1.2371824251520565
534571.9437 4069906.506 0.8404691416139087
534571.8492 4069908.495 0.3437542064606589
534571.7566 4069910.48 0.3470326648415778
534571.6649 4069912.462 0.4503061683744818
534571.5731 4069914.44 0.4535730654415602
534571.4806 4069916.416 -0.04316334072336758
534571.387 4069918.392 -0.13989974688919915
534571.292 4069920.369 -0.33663450143903617
534571.1951 4069922.349 -0.43336430113905067
534571.0966 4069924.333 -0.43008749437322535
534570.9971 4069926.3189999997 -0.32680738437629486
534570.8979999999 4069928.3060000003 0.07647437723844064
534570.8006 4069930.293 0.279756138852278
534570.7058 4069932.278 -0.3169654027667974
534570.6137 4069934.264 -0.4136852927689745
534570.5235 4069936.25 -0.7104051827711402
534570.4338 4069938.24 -0.9071184663083898
534570.3432 4069940.235 -0.8038234917647031
534570.2513 4069942.235 -0.7005202591382869
534570.1583 4069944.2410000004 -0.6972071168140275
534570.0647 4069946.251 -0.9938873680248435
534569.9712 4069948.265 -0.8905610127707462
534569.878 4069950.2789999996 -1.0872346575166318
534569.7852 4069952.293 -0.9839083022616251
534569.6935 4069954.307 -0.7805819470075193
534569.6029 4069956.32 -0.8772572433694279
534569.5134 4069958.3310000002 -0.9739358429633285
534569.4248 4069960.34 -0.8706177457910655
534569.3372 4069962.347 -0.6673029518508002
534569.2508 4069964.356 -0.9639848546776193
534569.1664 4069966.365 -1.3606667575044469
534569.0854 4069968.375 -1.7573470087161667
534569.0092 4069970.3910000003 -1.2540173502282386
534568.9388 4069972.4110000003 -0.7506810852762982
534568.8748 4069974.435 -0.44733821385943884
534568.8175 4069976.459 -0.7439953424416643
534568.7656 4069978.483 -1.1406524710238983
534568.7162 4069980.501 -1.637319509303964
534568.6668 4069982.5130000003 -1.33399645728187
534568.6154 4069984.518 -0.9306849665745176
534568.5602 4069986.514 -1.1273883404139298
534568.5014 4069988.5 -1.5241082304160898
534568.4391 4069990.477 -1.520842984965924
534568.8786 4070056.3010000004 -2.112126992776936
534568.8279 4070058.4469999997 -2.1085826241704098
534568.7779999999 4070060.588 -2.405046513643896
534568.7295 4070062.722 -2.3015219644321405
534568.682 4070064.8510000003 -2.0980056733013015
534568.635 4070066.977 -2.0944943370202935
534568.5885 4070069.102 -2.390984652355286
534568.5432 4070071.229 -2.287471664457371
534568.4997 4070073.361 -2.1839504184776217
534568.4579 4070075.497 -3.0804225660329365
534568.4172 4070077.639 -4.37688480389042
534568.376 4070079.784 -4.473342086898995
534568.3327 4070081.9310000003 -3.8697960666746383
534568.2864 4070084.079 -2.8662483948351962
534568.2369 4070086.233 -1.9626908132970158
534568.1855 4070088.375 -2.6591530511545045
534568.1345 4070090.512 -3.2556235470929096
534568.0853 4070092.637 -3.6521138624279104
534568.0382 4070094.768 -4.0485942680650595
534567.9931 4070096.8989999997 -3.545074673702217
534567.9483 4070099.042 -3.0415352599437
534567.9028 4070101.1810000003 -3.8380024526491923
534567.8556 4070103.3230000003 -4.1344646905066895
534567.8058 4070105.462 -3.530931883213995
534567.7531 4070107.6089999997 -3.1273858629905646
534567.6981 4070109.755 -3.0238414943822107
534567.6414 4070111.9080000003 -3.120285564459124
534567.585 4070114.0489999996 -2.8167494539344204
534567.531 4070116.186 -2.513219949872834
534567.4811 4070118.312 -2.709708613591829
534567.4356 4070120.445 -2.706185715996071
534567.3944 4070122.575 -2.5026677732483193
534567.355 4070124.708 -2.3991448756534766
534567.3153 4070126.8510000003 -2.2956054618940414
534567.2738 4070128.986 -2.99207926106628
534567.2279 4070131.123 -3.2885497570055975
534567.1781 4070133.252 -1.9850334658756736
534567.1256 4070135.393 -1.8814973553482588
534567.0728 4070137.538 -3.177954638356823
534567.0214 4070139.6960000005 -3.8743904503528057
534566.9726 4070141.853 -3.5708279139666104
534566.9268 4070144.0160000003 -2.3672554678816624
534566.8849 4070146.175 -1.8636896282625486
534566.8481 4070148.3460000004 -2.0601039692459437
534566.8157 4070150.522 -2.956510052149312
534566.7863 4070152.708 -3.7528996188890176
534566.7575 4070154.885 -3.449304050175485
534566.7259 4070157.064 -2.945705178229943
534566.6902 4070159.233 -3.0421228224462595
534566.6496 4070161.4110000003 -3.338525602116718
534566.6045 4070163.588 -3.234930033403174
534566.5556 4070165.765 -2.831334464689647
534566.5054 4070167.9510000004 -3.527724031429358
534566.4555 4070170.1289999997 -3.42412681110072
534566.4066 4070172.307 -2.720529590770269
534566.3601 4070174.478 -2.8169439317545795
534566.3171 4070176.66 -3.413340104959204
534566.279 4070178.8430000003 -3.209734626547828
534566.2459 4070181.0360000003 -2.9061126319736985
534566.2183 4070183.2189999996 -3.0025071535632435
534566.1938 4070185.402 -3.198901675151859
534566.1692 4070187.5810000002 -3.895302803204501
534566.1409 4070189.748 -3.8917237506546343
534566.1039 4070191.921 -3.4881347884069385
534566.0574 4070194.09 -3.3845524326241474
534566.0015 4070196.267 -3.380956863910612
534565.9388 4070198.438 -3.6773712048949108
534565.871 4070200.613 -3.7737789394142993
534565.8015 4070202.785 -3.17019162878168
534565.7305 4070204.973 -2.766577892288481
534565.6586 4070207.1689999998 -2.9629509428663425
534565.5853 4070209.3819999998 -2.9592959159657823
534565.5116 4070211.5919999997 -2.8556458439141323
534565.4375 4070213.8039999995 -2.6519924686295724
534565.364 4070216.005 -3.7483572611246956
534565.2914 4070218.209 -5.144717098770883
534565.2201 4070220.405 -4.441090149346934
534565.1496 4070222.603 -2.3374598966909588
534565.0805 4070224.784 -1.8338577215125014
534565.0139 4070226.954 -2.8302737141128063
534564.9495 4070229.106 -3.0267194358066263
534564.8859 4070231.2569999998 -2.8231668091182627
534564.823 4070233.3989999997 -3.7196290469757542
534564.7614 4070235.535 -3.4161011945310804
534564.7012 4070237.6780000003 -2.712561780771651
534564.6432 4070239.816 -4.009030625094965
534564.5873 4070241.961 -4.905487908103538
534564.5331 4070244.108 -4.701941887879187
534564.4798 4070246.271 -4.298369441794236
534564.4282 4070248.44 -4.294787086011453
534564.3784 4070250.622 -3.891183259216092
534564.3301 4070252.798 -4.087589342119458
534564.2822 4070254.9760000003 -4.783992121789012
534564.2352 4070257.147 -5.080406462774221
534564.1891 4070259.329 -4.676802635978859
534564.1456 4070261.512 -4.073197157567478
534564.1051 4070263.707 -4.06957185976043
534564.0686 4070265.895 -4.465958123268138
534564.0359 4070268.084 -4.062342735158921
534564.0067 4070270.273 -3.1587273470497195
534563.9798 4070272.452 -2.855128475103271
534563.955 4070274.635 -3.451522996692802
534563.9324 4070276.814 -3.8479241247463563
534563.9112 4070278.9960000003 -4.544320297950065
534563.8904 4070281.164 -4.940739593784201
534563.8688 4070283.328 -4.237165496082341
534563.8457 4070285.479 -3.6336128693939855
534563.8198 4070287.6360000004 -3.6300503330059684
534563.7909 4070289.789 -4.326494403084695
534563.7579 4070291.9480000003 -4.722928563464663
534563.7196 4070294.097 -4.219379240008308
534563.6741 4070296.25 -3.615823310086128
534563.6228 4070298.403 -3.5122673801639337
534563.5668 4070300.5530000003 -3.7087164050906694
534563.507 4070302.716 -3.9051439590066366
534563.4443 4070304.8860000004 -3.701559951606029
534563.3797 4070307.0689999997 -3.4979544731964722
534563.3147 4070309.249 -2.5943539496340264
534563.2506 4070311.434 -1.890745167989735
534563.1902 4070313.617 -1.4871396895783562
534563.1337 4070315.815 -1.283509436922401
534563.082 4070318.018 -1.9798709261845886
534563.035 4070320.224 -2.476227460597869
534562.9928 4070322.438 -2.0725707820804047
534562.9543 4070324.6410000003 -1.3689322713426009
534562.9186 4070326.836 -1.1653069735364596
534562.885 4070329.012 -1.661713056438927
534562.8532 4070331.182 -2.058129049040147
534562.8218 4070333.335 -2.254573119117964
534562.7885 4070335.479 -1.6510320537434353
534562.7502 4070337.598 -1.1475322787753583
534562.7014 4070339.6989999996 -1.5440622329026183
534562.6411 4070341.772 -2.140638432285229
534562.5681 4070343.8419999997 -2.8372195865176764
534562.483 4070345.9069999997 -2.8338089988310458
534562.3851 4070347.9869999997 -2.7303736368998273
534562.2792 4070350.0719999997 -2.726930016887678
534562.1679 4070352.1780000003 -2.423451712931268
534562.0555 4070354.3019999997 -1.6199436798831783
534561.9461 4070356.4680000003 -0.9163662789484022
534561.8448 4070358.667 -1.0127343746773505
534561.7559 4070360.902 -1.7090430122174496
534561.6838 4070363.15 -0.505330178745865
534561.6341 4070365.41 0.19840247412230383
534561.6052 4070367.6769999997 -0.6978533116966048
534561.5972 4070369.9280000003 -0.8941355233751835
534561.6089 4070372.171 -0.09043094798543905
534561.64 4070374.385 0.6132257305311271
534561.6823 4070376.5510000004 1.1168031314659004
534561.7289999999 4070378.663 0.920291345118315
534561.7718 4070380.713 0.3236771585603435
534561.7977 4070382.687 -0.7730625508384037
534561.7996 4070384.584 -2.26992943469304
534561.7723 4070386.415 -4.266905325222979
534561.7126 4070388.189 -6.163975357884198
534561.6136 4070389.934 -7.061093287417691
534561.4828 4070391.6610000003 -6.658240946044685
534561.3234 4070393.4069999997 -5.855357223963068
534561.1403 4070395.1969999997 -5.852400830762775
534560.9399 4070397.065 -6.249315611489692
534560.7353 4070399.019 -6.04608835321396
534560.5374 4070401.066 -4.142707494620851
534560.3572 4070403.2060000002 -1.2391730357112465
534560.2118 4070405.434 0.3645067654339016
534560.1053 4070407.735 1.06830713457002
534560.0442 4070410.079 2.372178523207907
534560.0319 4070412.438 3.676074686090402
534560.0765 4070414.769 4.579924603715696
534560.1693 4070417.059 5.3837068050730466
534560.3053 4070419.275 5.187366786822537
534560.476 4070421.392 3.09086325855678
534560.6689 4070423.37 -0.30586984437522347
534560.8611 4070425.2189999996 -1.3028160058134688
534561.0302 4070426.9239999996 1.8474111129762605e-13
